probBLOCKS-10-0,  success, 38, 34,5.10958119999999,10.9228334,3828,2126,6188,0
probBLOCKS-10-1,  success, 42, 35,29.9324889999998,51.1782014,17979,9158,33227,0
probBLOCKS-10-2,  success, 52, 43,10.1729441,26.3567037,9003,5147,16708,0
probBLOCKS-11-0,  success, 30, 23,6.35232349999998,13.2504086,3801,2004,7381,0
probBLOCKS-11-1,  success, 28, 24,4.73785439999999,11.3645705,3159,1706,6702,0
probBLOCKS-11-2,  success, 42, 34,31.8905442999999,78.2525193,20577,10716,40709,0
probBLOCKS-12-1,  success, 46, 37,18.4841015,45.7138649,9339,4767,16608,0
probBLOCKS-13-1,  success, 60, 46,91.24744,267.9310681,39906,20320,76417,0
probBLOCKS-14-0,  success, 50, 45,67.0032210000001,208.1320773,29181,13727,49872,0
probBLOCKS-14-1,  success, 50, 44,65.1033764999999,199.5638292,27150,14222,54966,0
probBLOCKS-9-0,  success, 36, 27,39.8396910999998,52.5692302,23241,11998,38734,0
probBLOCKS-9-1,  success, 40, 34,65.9650265000004,90.44413,37155,18431,64616,0
probBLOCKS-9-2,  success, 24, 19,2.7959254,3.598332,1545,882,2694,0
pfile1,  success, 10, 4,0.0783261,0.3931222,92,81,99,0
pfile10,  success, 29, 10,1.8615917,4.8516291,1379,909,1731,0
pfile11,  success, 100, 32,42.0997325999999,205.3680554,22099,14612,27101,0
pfile13,  success, 26, 9,1.342743,4.7332016,749,630,1194,0
pfile14,  success, 68, 42,40.0342483999999,179.6768415,14910,11527,26620,0
pfile16,  success, 27, 10,2.5187002,8.8896224,1323,998,3093,0
pfile17,  success, 24, 11,3.969527,12.8621605,595,454,1723,0
pfile19,  success, 77, 39,34.8535938,217.0470295,18477,13484,44749,0
pfile2,  success, 15, 6,0.3413309,0.7390055,400,345,484,0
pfile3,  success, 34, 13,1.5224455,2.3595494,1428,967,1646,0
pfile4,  success, 43, 22,4.88366069999999,7.2598999,2368,1921,3322,0
pfile5,  success, 119, 54,91.9673645000005,202.5370837,35756,27746,45800,0
pfile7,  success, 48, 28,77.2675606000003,105.6810286,30456,26692,45555,0
pfile8,  success, 43, 22,4.9948734,12.3365771,1828,1461,3415,0
pfile9,  success, 83, 38,77.8934916000003,223.1134011,13924,9022,23252,0
pfile1,  success, 6, 6,0.0625049,0.3476809,2,8,16,0
pfile10,  success, 16, 16,0.3446228,0.853007,20,40,230,0
pfile11,  success, 20, 20,0.5248331,1.2266694,26,55,325,0
pfile12,  success, 32, 20,1.5964649,3.2418606,51,103,595,0
pfile13,  success, 25, 23,1.8439018,4.1416636,51,88,661,0
pfile14,  success, 36, 33,2.1889789,5.5590084,166,208,1154,0
pfile15,  success, 42, 34,7.29422460000001,28.3062273,303,403,1746,0
pfile2,  success, 16, 12,0.1002677,0.385944,21,41,136,0
pfile3,  success, 11, 11,0.1002651,0.383435,13,26,93,0
pfile4,  success, 14, 10,0.1148904,0.4319096,42,60,181,0
pfile5,  success, 19, 15,0.1471474,0.4840551,56,81,253,0
pfile6,  success, 11, 7,0.1174673,0.4852719,24,35,108,0
pfile7,  success, 14, 10,0.1340171,0.5638334,36,51,168,0
pfile8,  success, 23, 15,0.2701133,0.701729,66,97,364,0
pfile9,  success, 21, 17,0.335264,0.7704114,25,53,239,0
p01,  success, 18, 13,0.2056537,0.6706249,36,75,348,0
p02,  success, 24, 15,0.3935591,0.9333536,78,133,651,0
p03,  success, 27, 23,0.5846028,1.1561171,111,203,997,0
p04,  success, 34, 30,0.8349868,1.4940852,129,216,1098,0
p05,  success, 34, 21,1.6139425,2.5892799,279,431,2256,0
p06,  success, 54, 29,4.71743089999999,6.9053691,834,1166,6254,0
p07,  success, 66, 45,3.775265,6.6786914,597,894,4598,0
p08,  success, 47, 28,2.1880462,4.6123904,339,505,2794,0
p09,  success, 52, 20,2.5229808,5.3285184,402,581,3158,0
p10,  success, 82, 53,5.41448189999999,12.0607111,828,1218,7794,0
p11,  success, 46, 31,3.5955413,9.4074219,264,583,4533,0
p12,  success, 62, 44,7.3324349,19.6964135,561,1152,8604,0
p13,  success, 68, 51,16.5837945,44.861409,1041,1876,14348,0
p14,  success, 99, 52,25.8241809,77.8240062,1461,2412,18752,0
p15,  success, 107, 49,76.3791168,217.614523,4086,6481,49723,0
p16,  success, 102, 52,72.9036211000001,211.2907058,3351,5469,43398,0
p17,  success, 116, 74,150.7809287,462.0068869,6075,8752,69241,0
p19,  success, 136, 85,297.886423999999,898.0659473,8610,13653,108076,0
probLOGISTICS-10-0,  success, 46, 22,0.625468,1.0385039,244,396,1659,0
probLOGISTICS-10-1,  success, 42, 20,0.5415578,0.9339145,240,339,1392,0
probLOGISTICS-11-0,  success, 51, 25,0.5969817,0.9705941,256,401,1679,0
probLOGISTICS-11-1,  success, 67, 51,10.7978981,22.7137322,6040,3182,38369,0
probLOGISTICS-12-0,  success, 43, 20,0.6606913,1.048516,296,393,1668,0
probLOGISTICS-12-1,  success, 76, 56,8.67564709999998,18.5890425,4992,2627,33640,0
probLOGISTICS-13-0,  success, 78, 35,2.6200056,4.3315952,882,1107,4885,0
probLOGISTICS-13-1,  success, 65, 30,2.1229434,3.5838422,696,897,4001,0
probLOGISTICS-14-0,  success, 60, 27,1.7661488,2.8904473,624,755,3406,0
probLOGISTICS-14-1,  success, 75, 36,2.0012347,3.0855344,654,863,3971,0
probLOGISTICS-15-0,  success, 83, 43,2.6229223,4.0551741,792,1090,5042,0
probLOGISTICS-15-1,  success, 71, 40,2.2356735,3.4054317,708,972,4512,0
probLOGISTICS-4-0,  success, 20, 13,0.0998382,0.3628789,36,77,271,0
probLOGISTICS-5-0,  success, 27, 16,0.1137497,0.369668,60,112,410,0
probLOGISTICS-6-0,  success, 25, 16,0.1158912,0.3789339,54,103,377,0
probLOGISTICS-7-0,  success, 36, 21,0.2560301,0.5799704,144,234,933,0
probLOGISTICS-8-0,  success, 32, 18,0.2434165,0.5544765,147,205,811,0
probLOGISTICS-8-1,  success, 48, 25,0.3233384,0.6326524,168,300,1240,0
probLOGISTICS-9-0,  success, 41, 23,0.2767124,0.5852909,144,274,1077,0
probLOGISTICS-9-1,  success, 31, 16,0.2120942,0.5169084,120,185,726,0
p10,  success, 38, 26,0.6573177,1.0646926,177,272,1652,0
p11,  success, 36, 30,0.6880871,1.1338096,141,247,1371,0
p12,  success, 21, 12,0.3396086,0.7706565,69,148,667,0
p13,  success, 52, 36,1.7715685,2.7374939,201,441,2761,0
p14,  success, 36, 31,1.038884,1.5037377,129,264,1512,0
p15,  success, 44, 36,1.3220108,2.1263062,117,281,1855,0
p16,  success, 46, 32,1.5199911,2.5532032,201,353,2143,0
p17,  success, 54, 35,2.6977152,8.2621216,500,891,4744,0
p18,  success, 52, 19,2.7490157,10.6602913,340,601,4669,0
p19,  success, 78, 48,5.8918812,24.8838481,495,911,6967,0
p21,  success, 69, 50,25.6495922,91.7096782,615,1067,7998,0
p22,  success, 81, 49,46.2589837,166.6667896,840,1687,13756,0
p24,  success, 144, 78,45.902024,221.4439645,1890,2885,20117,0
p25,  success, 36, 16,3.8692014,29.8474924,378,543,3788,0
p26,  success, 85, 41,9.6793594,57.9384942,1359,2023,11039,0
p27,  success, 117, 78,24.3167623,127.7207336,1935,2808,17888,0
p05-pfile5,  success, 15, 15,0.1310183,0.4701489,12,39,456,0
p06-pfile6,  success, 25, 16,0.2493692,0.5854244,22,105,1279,0
p07-pfile7,  success, 31, 25,0.2976552,0.7329761,21,114,1485,0
p08-pfile8,  success, 33, 33,0.6351694,1.2183956,30,153,2498,0
p09-pfile9,  success, 33, 23,0.724092,1.5086298,56,158,2577,0
p10-pfile10,  success, 48, 30,1.5978442,2.6288421,100,339,5712,0
p11-pfile11,  success, 41, 25,1.4587829,3.9372655,88,294,6252,0
p12-pfile12,  success, 53, 37,4.165834,11.4438509,196,540,14435,0
p13-pfile13,  success, 64, 29,7.3882235,25.9751758,312,758,23901,0
p14-pfile14,  success, 55, 55,5.70589419999999,10.437573,80,450,11767,0
p15-pfile15,  success, 53, 42,3.3874657,12.9723184,203,451,11916,0
p16-pfile16,  success, 61, 61,6.68894299999998,17.4542105,171,606,15899,0
p18-pfile18,  success, 44, 44,3.4160334,6.8794082,52,284,7428,0
p19-pfile19,  success, 87, 49,11.5017513,24.2805528,140,896,24235,0
p20-pfile20,  success, 115, 100,42.1281071,66.053361,388,1807,51540,0
p21-HC-pfile1,  success, 77, 77,11.691646,42.637285,136,350,15422,0
p22-HC-pfile2,  success, 98, 64,37.7483011,153.6387619,332,839,45349,0
p01,  success, 32, 19,0.7326157,1.1265207,134,209,546,0
p01-1,  success, 20, 14,0.3910618,0.7708729,75,115,294,0
p02,  success, 159, 106,69.4372266000004,95.1659323,5505,8533,20808,0
p02-1,  success, 127, 94,402.243614200002,615.2954474,23973,36361,93536,0
p03,  success, 11, 8,0.249398,0.7016235,24,43,98,0
p03-1,  success, 11, 8,0.1995288,0.6172258,21,37,75,0
p05-1,  success, 46, 30,7.50826559999998,18.404728,1134,1237,3141,0
p06,  success, 34, 18,36.3068495999999,61.0277987,2004,2979,8172,0
p06-1,  success, 46, 22,93.3805676999997,206.5971441,10480,10000,25601,0
p07,  success, 107, 65,104.0203146,154.7458203,7987,12316,32341,0
p07-1,  success, 49, 32,7.34018239999998,14.4224681,1458,1285,3222,0
p08-1,  success, 110, 74,127.7613097,216.4931807,12870,13162,30909,0
p01,  success, 10, 6,0.0817074,0.3528677,63,78,59,0
p02,  success, 14, 8,0.1173669,0.4418432,170,193,130,0
p03,  success, 16, 10,0.1582648,0.463559,265,272,172,0
p04,  success, 14, 8,0.1178267,0.4541171,205,203,159,0
p05,  success, 18, 10,0.2284934,0.5494135,378,377,262,0
p06,  success, 16, 10,0.2716677,0.6224857,498,527,384,0
p07,  success, 14, 8,0.2530196,0.5796917,384,426,289,0
p08,  success, 14, 9,0.2227704,0.5858285,240,258,274,0
p09,  success, 18, 10,0.2345918,0.6196444,276,300,315,0
p10,  success, 14, 9,0.229805,0.6161642,252,272,289,0
p11,  success, 14, 9,0.1770856,0.5010013,210,234,243,0
p12,  success, 18, 11,0.2572417,0.6159893,348,371,327,0
p13,  success, 21, 11,0.3825262,0.7325875,606,675,576,0
p14,  success, 21, 10,0.3316565,0.7331067,448,457,450,0
p15,  success, 25, 12,0.5109747,0.9556207,704,712,625,0
p16,  success, 25, 11,0.4623196,0.9176357,712,649,578,0
p17,  success, 28, 14,0.6321785,1.1297123,999,851,710,0
p18,  success, 32, 13,0.7494804,1.25631,1287,952,842,0
p19,  success, 32, 12,1.0816055,1.6347843,1971,1364,1234,0
p20,  success, 30, 15,0.8310506,1.3331337,1431,1146,1086,0
p01,  success, 25, 21,0.2141645,0.5852653,285,246,217,0
p03,  success, 25, 21,0.2445613,0.6168774,285,246,223,0
p04,  success, 33, 24,990.393214400013,1779.7692975,277165,161880,255568,0
p06,  success, 48, 28,20.1574593,77.6427104,15512,8688,16245,0
p01,  success, 6, 3,0.0936504,0.5009603,102,87,164,0
p02,  success, 14, 6,0.4119293,1.0990017,276,213,721,0
p03,  success, 29, 15,14.572697,38.9939001,9138,5718,23215,0
p04,  success, 48, 17,14.6839015,46.0532461,7248,4025,26597,0
p05,  success, 47, 20,36.4625228,110.7091974,7956,4592,35227,0
p07,  success, 65, 31,260.748274,623.5614623,11316,7371,73359,0
p11,  success, 5, 4,0.0769331,0.4778307,48,38,60,0
p12,  success, 13, 6,0.2837478,1.173591,294,193,589,0
p13,  success, 26, 11,1.1368607,5.1101101,750,432,2476,0
p14,  success, 29, 15,2.7467759,11.3911065,936,585,8335,0
p15,  success, 40, 14,3.0198498,13.976908,1032,598,6329,0
p16,  success, 52, 25,43.4183842,126.9008805,5058,3647,34564,0
pfile10,  success, 28, 28,0.3611861,0.9119803,32,93,682,0
pfile12,  success, 29, 29,0.5591213,1.2617582,28,106,787,0
pfile13,  success, 32, 32,0.5838896,1.3961286,36,102,734,0
pfile14,  success, 40, 40,2.8712849,7.8883344,76,188,2159,0
pfile15,  success, 52, 52,7.4050802,19.6692551,96,228,2467,0
pfile16,  success, 58, 58,13.3022533,32.4719588,104,267,4269,0
pfile17,  success, 71, 71,41.4740182,86.5862053,152,434,8632,0
pfile18,  success, 79, 79,59.7415338,123.4264704,148,451,5899,0
pfile3,  success, 6, 6,0.0866794,0.3741355,4,12,73,0
pfile4,  success, 8, 8,0.097371,0.3933348,4,16,75,0
pfile5,  success, 13, 13,0.1136221,0.4685392,8,26,138,0
pfile6,  success, 14, 14,0.1197078,0.4537608,8,24,171,0
pfile7,  success, 19, 19,0.1283986,0.4879291,8,39,158,0
pfile8,  success, 13, 13,0.1894123,0.6790939,12,41,322,0
pfile9,  success, 25, 25,0.2905081,0.8442819,28,83,660,0
