probBLOCKS-10-0,  success, 38, 34,2.8490835,10.7206448,3828,2126,6188,0
probBLOCKS-10-1,  success, 42, 35,14.4822907000001,51.6765853,17979,9158,33227,0
probBLOCKS-10-2,  success, 52, 43,7.02659499999999,25.2087989,9003,5147,16708,0
probBLOCKS-11-0,  success, 30, 23,3.51257359999999,13.379791,3801,2004,7381,0
probBLOCKS-11-1,  success, 28, 24,2.9694471,11.3460734,3159,1706,6702,0
probBLOCKS-11-2,  success, 42, 34,21.1855463,76.6544373,20577,10716,40709,0
probBLOCKS-12-1,  success, 46, 37,11.8265973999999,44.5047151,9339,4767,16608,0
probBLOCKS-13-1,  success, 60, 46,73.2863193999998,265.0749098,39906,20320,76417,0
probBLOCKS-14-0,  success, 50, 45,55.633365,206.7818054,29181,13727,49872,0
probBLOCKS-14-1,  success, 50, 44,54.8713402999998,203.3322628,27150,14222,54966,0
probBLOCKS-9-0,  success, 36, 27,15.6859763000002,54.1117911,23241,11998,38734,0
probBLOCKS-9-1,  success, 40, 34,27.6958976,93.7823048,37155,18431,64616,0
probBLOCKS-9-2,  success, 24, 19,0.9248926,3.6925335,1545,882,2694,0
pfile1,  success, 10, 4,0.091237,0.4190248,96,82,101,0
pfile10,  success, 29, 10,1.805432,4.9628021,1379,909,1731,0
pfile11,  success, 100, 32,43.1678924,206.6530623,22099,14612,27101,0
pfile13,  success, 26, 9,1.3694977,4.7399814,749,630,1194,0
pfile14,  success, 68, 42,39.8946766999999,179.4044513,14924,11529,26627,0
pfile16,  success, 27, 10,2.4626685,8.9346597,1337,1000,3099,0
pfile17,  success, 24, 11,4.0676298,12.8979882,616,457,1731,0
pfile19,  success, 77, 39,36.1905950999999,219.6277914,18477,13484,44749,0
pfile2,  success, 15, 6,0.3376723,0.749177,404,346,486,0
pfile3,  success, 34, 13,1.7745048,2.4052143,1428,967,1646,0
pfile4,  success, 43, 22,5.1599661,7.3324108,2372,1922,3324,0
pfile5,  success, 119, 54,92.7816099000008,202.5228641,35756,27746,45800,0
pfile7,  success, 48, 28,76.1375512000001,106.2416079,30460,26693,45557,0
pfile8,  success, 43, 22,5.0562457,12.4760496,1832,1462,3417,0
pfile9,  success, 83, 38,77.1942638,223.4255608,13928,9023,23254,0
pfile1,  success, 6, 6,0.084638,0.369402,3,13,30,0
pfile10,  success, 16, 16,0.3749331,0.9072623,21,41,237,0
pfile11,  success, 21, 13,0.7868246,1.5780662,47,85,449,0
pfile12,  success, 32, 20,1.6813523,3.3977347,51,107,605,0
pfile13,  success, 25, 18,1.756204,4.0829969,43,85,557,0
pfile14,  success, 33, 24,3.4252536,8.4369877,266,343,1548,0
pfile15,  success, 42, 34,7.3793059,29.5467495,303,418,1791,0
pfile2,  success, 16, 12,0.1193974,0.3997462,22,42,139,0
pfile3,  success, 11, 11,0.0690138,0.3854408,13,27,95,0
pfile4,  success, 14, 10,0.1315193,0.4853625,46,62,189,0
pfile5,  success, 19, 15,0.1679137,0.5248607,56,83,257,0
pfile6,  success, 9, 5,0.100264,0.4808749,24,34,96,0
pfile7,  success, 14, 10,0.1767688,0.5928449,36,53,172,0
pfile8,  success, 23, 15,0.3109858,0.7358052,66,99,368,0
pfile9,  success, 21, 17,0.3728633,0.7853895,25,58,251,0
p01,  success, 18, 13,0.2237649,0.7172233,45,96,439,0
p02,  success, 24, 15,0.4475868,1.0013034,78,144,709,0
p03,  success, 23, 9,0.489341,1.0587727,117,161,805,0
p04,  success, 34, 22,1.0239884,1.7660084,186,268,1412,0
p05,  success, 34, 21,1.7303484,2.7044453,288,453,2370,0
p06,  success, 56, 32,6.2998835,9.3692186,1146,1625,8511,0
p07,  success, 56, 36,2.8872848,5.5418928,441,701,3622,0
p08,  success, 46, 28,2.1725635,4.7687631,354,508,2942,0
p09,  success, 52, 20,2.467103,5.3506706,402,589,3202,0
p10,  success, 81, 46,6.4625231,14.9950752,1095,1517,8961,0
p11,  success, 46, 31,3.6306132,11.2657291,351,788,5410,0
p12,  success, 65, 40,6.7791468,20.3048946,669,1232,8769,0
p13,  success, 67, 36,12.7652319,37.3414808,984,1588,12002,0
p14,  success, 86, 43,23.176417,73.2872242,1479,2275,17251,0
p15,  success, 117, 68,48.0295727,145.8120944,2814,4327,32483,0
p16,  success, 90, 38,39.3572422,121.8843182,2088,3143,25530,0
p17,  success, 107, 60,106.6398554,337.4219857,4509,6368,49247,0
p19,  success, 151, 94,238.2712182,745.9978094,7578,11475,91070,0
p20,  success, 133, 67,189.436578699999,620.2649924,5517,8408,71100,0
probLOGISTICS-10-0,  success, 46, 22,0.6623782,1.0644053,244,396,1659,0
probLOGISTICS-10-1,  success, 42, 20,0.5600754,0.9513789,240,339,1392,0
probLOGISTICS-11-0,  success, 51, 25,0.5866868,1.0016206,256,401,1679,0
probLOGISTICS-11-1,  success, 67, 51,10.4527597,23.0999373,6040,3182,38369,0
probLOGISTICS-12-0,  success, 43, 20,0.6309609,1.0336705,296,393,1668,0
probLOGISTICS-12-1,  success, 76, 56,8.73551979999999,18.8241691,4992,2627,33640,0
probLOGISTICS-13-0,  success, 81, 32,2.7134205,4.6578318,960,1163,5174,0
probLOGISTICS-13-1,  success, 67, 23,2.0581632,3.6077315,672,866,3787,0
probLOGISTICS-14-0,  success, 60, 27,1.7591032,2.9601838,624,764,3451,0
probLOGISTICS-14-1,  success, 77, 34,2.1319317,3.4077467,714,930,4262,0
probLOGISTICS-15-0,  success, 84, 32,3.0331153,4.8586418,1002,1301,6048,0
probLOGISTICS-15-1,  success, 73, 28,2.3203711,3.6470859,810,1009,4752,0
probLOGISTICS-4-0,  success, 20, 13,0.1149763,0.4008714,36,77,271,0
probLOGISTICS-5-0,  success, 27, 16,0.1158913,0.3920883,60,112,410,0
probLOGISTICS-6-0,  success, 25, 16,0.1158896,0.3790113,54,103,377,0
probLOGISTICS-7-0,  success, 36, 21,0.2607403,0.5694505,144,234,933,0
probLOGISTICS-8-0,  success, 32, 18,0.2450582,0.5703983,147,205,811,0
probLOGISTICS-8-1,  success, 48, 25,0.32078,0.6320891,168,300,1240,0
probLOGISTICS-9-0,  success, 41, 23,0.2748256,0.6163898,144,274,1077,0
probLOGISTICS-9-1,  success, 31, 16,0.2091933,0.5327001,120,185,726,0
p10,  success, 39, 31,0.624584,1.1027855,183,278,1650,0
p11,  success, 36, 30,0.8593643,1.3408176,198,314,1739,0
p12,  success, 21, 12,0.3572272,0.7641321,72,152,688,0
p13,  success, 52, 36,1.815625,2.8063323,201,443,2771,0
p14,  success, 36, 31,1.3076637,1.7833644,129,366,1932,0
p15,  success, 43, 38,1.6266796,2.8410404,147,381,2154,0
p16,  success, 46, 31,1.8899668,3.1455815,243,465,2436,0
p17,  success, 54, 35,2.7276553,8.6256136,510,903,4815,0
p18,  success, 52, 20,2.6707157,11.2597402,375,619,4611,0
p19,  success, 78, 48,6.0282863,27.3941852,555,994,7522,0
p21,  success, 71, 47,30.0550085,117.2224708,830,1363,10667,0
p22,  success, 83, 43,26.953491,132.9911181,685,1339,11189,0
p23,  success, 92, 39,59.988163,317.5941426,2604,3665,25116,0
p24,  success, 133, 81,47.1679727,247.62283,2261,3178,23706,0
p25,  success, 36, 16,4.4678557,38.9410602,657,762,5145,0
p26,  success, 86, 27,11.1727543,73.0349082,1998,2531,14301,0
p27,  success, 104, 59,20.1473757,120.4665988,1899,2722,17433,0
p05-pfile5,  success, 15, 15,0.1763966,0.5541263,12,79,909,0
p06-pfile6,  success, 25, 16,0.3228087,0.6794998,30,173,2071,0
p07-pfile7,  success, 21, 14,0.3510123,0.8089456,36,153,2036,0
p08-pfile8,  success, 27, 19,1.521265,2.2365148,90,437,7116,0
p09-pfile9,  success, 31, 18,1.4401985,2.6230135,104,431,6927,0
p10-pfile10,  success, 48, 30,2.0805695,3.8347064,100,613,9560,0
p11-pfile11,  success, 41, 23,1.6854272,5.3260609,124,487,10213,0
p12-pfile12,  success, 53, 37,4.4058896,17.0370843,196,981,25711,0
p13-pfile13,  success, 64, 29,7.869676,31.6234499,312,1006,31558,0
p14-pfile14,  success, 49, 32,4.218025,20.2186559,220,1201,31372,0
p15-pfile15,  success, 48, 31,3.0574014,20.8189554,322,1017,26896,0
p16-pfile16,  success, 54, 43,7.89205850000001,58.2132407,387,3391,88431,0
p18-pfile18,  success, 47, 38,5.3380841,21.1156635,196,1316,34500,0
p19-pfile19,  success, 87, 49,13.564467,50.7444549,140,1976,54309,0
p20-pfile20,  success, 93, 43,22.4124565,87.9310676,800,2786,79351,0
p21-HC-pfile1,  success, 77, 77,13.3269367,69.8576119,136,1066,46678,0
p22-HC-pfile2,  success, 98, 64,38.4010078,195.1141327,332,1472,79349,0
p01,  success, 32, 19,0.7342968,1.1241259,134,209,546,0
p01-1,  success, 20, 14,0.3712513,0.7349235,64,102,265,0
p02,  success, 159, 106,68.6358108000005,96.4457638,5505,8533,20808,0
p02-1,  success, 127, 94,401.313799900001,620.5334006,23973,36361,93536,0
p03,  success, 11, 8,0.2468175,0.701015,24,43,98,0
p03-1,  success, 11, 8,0.2112593,0.6374227,21,37,75,0
p05-1,  success, 46, 30,7.34603339999999,18.406622,1134,1237,3141,0
p06,  success, 34, 18,36.9561837999998,62.1578708,2004,2979,8172,0
p06-1,  success, 46, 22,92.6933485000006,208.5665685,10482,10001,25604,0
p07,  success, 107, 65,102.415502700001,154.1012492,7987,12316,32341,0
p07-1,  success, 49, 32,7.35546,14.422096,1458,1285,3222,0
p08-1,  success, 110, 74,127.054204900001,217.1286293,12870,13162,30909,0
p01,  success, 10, 6,0.1002639,0.3505853,111,133,94,0
p02,  success, 14, 8,0.1173018,0.4381025,200,205,136,0
p03,  success, 16, 10,0.1273114,0.4552213,285,277,180,0
p04,  success, 14, 8,0.14514,0.463202,215,199,167,0
p05,  success, 18, 10,0.1935278,0.5169531,330,316,221,0
p06,  success, 16, 10,0.300958,0.6340474,552,554,399,0
p07,  success, 14, 8,0.2525245,0.5819753,396,430,299,0
p08,  success, 14, 9,0.2259072,0.6006085,258,260,287,0
p09,  success, 18, 10,0.2398991,0.6233194,288,302,325,0
p10,  success, 14, 9,0.2377851,0.6171111,294,295,326,0
p11,  success, 14, 9,0.1730446,0.514277,235,253,268,0
p12,  success, 18, 11,0.2379016,0.601428,360,372,334,0
p13,  success, 21, 11,0.3688944,0.7224701,600,659,575,0
p14,  success, 21, 10,0.3321619,0.7544837,455,458,455,0
p15,  success, 25, 12,0.4935503,0.9484329,712,713,630,0
p16,  success, 25, 11,0.463595,0.9210199,720,650,583,0
p17,  success, 28, 14,0.6365858,1.1183672,1008,852,715,0
p18,  success, 32, 13,0.7558272,1.272112,1305,954,852,0
p19,  success, 32, 12,1.1209876,1.6403359,1971,1364,1234,0
p20,  success, 30, 15,0.84128,1.3341423,1431,1146,1086,0
p01,  success, 25, 21,0.2222506,0.5855157,285,246,217,0
p03,  success, 25, 21,0.2602404,0.6119975,285,246,223,0
p01,  success, 6, 3,0.0920631,0.5648297,114,89,168,0
p02,  success, 14, 6,0.1979124,1.1549638,282,214,724,0
p03,  success, 29, 15,12.8025171,41.402816,9150,5719,23235,0
p04,  success, 48, 17,14.8602136,50.6134564,7254,4026,26608,0
p05,  success, 47, 20,39.4982888,121.7412532,7962,4593,35241,0
p07,  success, 65, 31,279.9957316,680.2383466,11412,7372,74050,0
p11,  success, 5, 4,0.0834371,0.627687,48,38,60,0
p12,  success, 13, 6,0.2169017,1.3226731,300,194,594,0
p13,  success, 26, 11,1.0212051,5.3377146,600,387,2875,0
p14,  success, 32, 15,3.1001875,13.7605677,1068,635,8487,0
p15,  success, 40, 14,3.1249803,15.6075938,1044,600,6343,0
p16,  success, 49, 18,179.4582452,483.2662929,14592,8702,72536,0
pfile10,  success, 27, 18,0.2537735,1.096475,50,124,888,0
pfile12,  success, 28, 25,0.444354,1.7087706,66,169,1310,0
pfile13,  success, 32, 32,0.5694162,2.1067335,48,202,1978,0
pfile14,  success, 35, 26,2.2212175,12.1871451,296,361,5434,0
pfile15,  success, 49, 46,8.1708687,40.5237003,288,586,5242,0
pfile16,  success, 52, 34,11.7289947,60.1661513,620,571,11459,0
pfile17,  success, 67, 35,25.7057435,130.5308182,456,676,11405,0
pfile18,  success, 79, 63,62.821614,309.3398118,528,1321,20795,0
pfile3,  success, 6, 6,0.0855295,0.4314162,4,15,93,0
pfile4,  success, 8, 8,0.0880645,0.450825,6,23,99,0
pfile5,  success, 13, 13,0.1280927,0.5402546,10,37,170,0
pfile6,  success, 14, 14,0.1739598,0.7456738,12,35,258,0
pfile7,  success, 18, 11,0.1251525,0.5733305,13,43,170,0
pfile8,  success, 13, 13,0.1863459,0.9022325,46,85,621,0
pfile9,  success, 24, 10,0.2195258,1.0257444,52,100,598,0
