probBLOCKS-10-0,  success, 38, 34,2.7917934,10.3913456,3828,2126,6188,0
probBLOCKS-10-1,  success, 42, 35,14.2166921,50.3918043,17979,9158,33227,0
probBLOCKS-10-2,  success, 52, 43,7.0667698,25.195934,9003,5147,16708,0
probBLOCKS-11-0,  success, 30, 23,3.4493438,13.1032689,3801,2004,7381,0
probBLOCKS-11-1,  success, 28, 24,2.9589656,11.3093521,3159,1706,6702,0
probBLOCKS-11-2,  success, 42, 34,21.340949,76.977872,20577,10716,40709,0
probBLOCKS-12-1,  success, 46, 37,11.7008067,44.0066605,9339,4767,16608,0
probBLOCKS-13-1,  success, 60, 46,72.7547087000004,263.7086728,39906,20320,76417,0
probBLOCKS-14-0,  success, 50, 45,54.5635772,203.2465432,29181,13727,49872,0
probBLOCKS-14-1,  success, 50, 44,53.5407436000001,199.4280354,27150,14222,54966,0
probBLOCKS-9-0,  success, 36, 27,15.5131646000001,53.3107213,23241,11998,38734,0
probBLOCKS-9-1,  success, 40, 34,26.9795703,90.9464191,37155,18431,64616,0
probBLOCKS-9-2,  success, 24, 19,0.9243277,3.632587,1545,882,2694,0
pfile1,  success, 10, 4,0.0784483,0.4145245,92,81,99,0
pfile10,  success, 29, 10,0.6891632,4.9041337,1379,909,1731,0
pfile11,  success, 100, 32,32.5064509999999,207.6958601,22099,14612,27101,0
pfile13,  success, 26, 9,0.6505376,4.7583102,749,630,1194,0
pfile14,  success, 68, 42,29.4712434999999,179.5053669,14910,11527,26620,0
pfile16,  success, 27, 10,2.2637516,9.0238595,1323,998,3093,0
pfile17,  success, 24, 11,4.0232304,12.8930106,595,454,1723,0
pfile19,  success, 77, 39,28.6447622999999,219.6529061,18477,13484,44749,0
pfile2,  success, 15, 6,0.1603201,0.7521031,400,345,484,0
pfile3,  success, 34, 13,0.6579947,2.3819903,1428,967,1646,0
pfile4,  success, 43, 22,2.0955013,7.3485282,2368,1921,3322,0
pfile5,  success, 119, 54,62.5995838999999,202.9215803,35756,27746,45800,0
pfile7,  success, 48, 28,39.8271957000001,105.9455165,30456,26692,45555,0
pfile8,  success, 43, 22,3.6189242,12.4257519,1828,1461,3415,0
pfile9,  success, 83, 38,67.0760090000001,222.2901421,13924,9022,23252,0
pfile1,  success, 6, 6,0.065479,0.3476815,2,8,16,0
pfile10,  success, 16, 16,0.2528124,0.8857256,20,40,230,0
pfile11,  success, 20, 20,0.4246363,1.2537512,26,55,325,0
pfile12,  success, 32, 20,1.353749,3.285193,51,103,595,0
pfile13,  success, 25, 23,1.7243061,4.2110846,51,88,661,0
pfile14,  success, 36, 33,1.7425987,5.6499897,166,208,1154,0
pfile15,  success, 42, 34,6.7997567,28.7254119,303,403,1746,0
pfile2,  success, 16, 12,0.0926042,0.3985293,21,41,136,0
pfile3,  success, 11, 11,0.0870458,0.3926407,13,26,93,0
pfile4,  success, 14, 10,0.0992484,0.4490937,42,60,181,0
pfile5,  success, 19, 15,0.1178233,0.5148322,56,81,253,0
pfile6,  success, 11, 7,0.1010142,0.5030936,24,35,108,0
pfile7,  success, 14, 10,0.1160629,0.5749499,36,51,168,0
pfile8,  success, 23, 15,0.1727828,0.7189852,66,97,364,0
pfile9,  success, 21, 17,0.2287303,0.7587257,25,53,239,0
p01,  success, 18, 13,0.1199251,0.6840637,36,75,348,0
p02,  success, 24, 15,0.1846827,0.9553378,78,133,651,0
p03,  success, 27, 23,0.2514982,1.17191,111,203,997,0
p04,  success, 34, 30,0.3473648,1.5475989,129,216,1098,0
p05,  success, 34, 21,0.6424656,2.6143618,279,431,2256,0
p06,  success, 54, 29,1.9053545,6.9914039,834,1166,6254,0
p07,  success, 66, 45,1.8461861,6.7403,597,894,4598,0
p08,  success, 47, 28,1.2044983,4.6347734,339,505,2794,0
p09,  success, 52, 20,1.3348238,5.3762056,402,581,3158,0
p10,  success, 82, 53,3.3837207,12.0467026,828,1218,7794,0
p11,  success, 46, 31,3.2145413,9.5718475,264,583,4533,0
p12,  success, 62, 44,6.28667730000001,19.9171366,561,1152,8604,0
p13,  success, 68, 51,14.2502742,45.2315325,1041,1876,14348,0
p14,  success, 99, 52,23.4539053,78.6145067,1461,2412,18752,0
p15,  success, 107, 49,68.5132059,219.6221083,4086,6481,49723,0
p16,  success, 102, 52,69.1304118,213.2213625,3351,5469,43398,0
p17,  success, 116, 74,144.8738314,467.9715335,6075,8752,69241,0
p19,  success, 136, 85,288.093673,912.6826266,8610,13653,108076,0
p20	  success	133	67	181.1433422	608.0594608	5517	8408	71100	0
probLOGISTICS-10-0,  success, 46, 22,0.252975,1.0562372,244,396,1659,0
probLOGISTICS-10-1,  success, 42, 20,0.2300617,0.9617385,240,339,1392,0
probLOGISTICS-11-0,  success, 51, 25,0.2454628,1.0088993,256,401,1679,0
probLOGISTICS-11-1,  success, 67, 51,5.44274310000001,22.8167151,6040,3182,38369,0
probLOGISTICS-12-0,  success, 43, 20,0.2537181,1.0406974,296,393,1668,0
probLOGISTICS-12-1,  success, 76, 56,4.4009044,18.8035246,4992,2627,33640,0
probLOGISTICS-13-0,  success, 78, 35,0.9698867,4.4291775,882,1107,4885,0
probLOGISTICS-13-1,  success, 65, 30,0.7674758,3.6469059,696,897,4001,0
probLOGISTICS-14-0,  success, 60, 27,0.6582777,2.9740968,624,755,3406,0
probLOGISTICS-14-1,  success, 75, 36,0.6387315,3.1491108,654,863,3971,0
probLOGISTICS-15-0,  success, 83, 43,0.8965974,4.1269139,792,1090,5042,0
probLOGISTICS-15-1,  success, 71, 40,0.7497234,3.4786779,708,972,4512,0
probLOGISTICS-4-0,  success, 20, 13,0.0984227,0.377629,36,77,271,0
probLOGISTICS-5-0,  success, 27, 16,0.1071843,0.3925531,60,112,410,0
probLOGISTICS-6-0,  success, 25, 16,0.1022769,0.391055,54,103,377,0
probLOGISTICS-7-0,  success, 36, 21,0.1362035,0.5674471,144,234,933,0
probLOGISTICS-8-0,  success, 32, 18,0.1360298,0.574021,147,205,811,0
probLOGISTICS-8-1,  success, 48, 25,0.1634444,0.6427898,168,300,1240,0
probLOGISTICS-9-0,  success, 41, 23,0.1628203,0.6175231,144,274,1077,0
probLOGISTICS-9-1,  success, 31, 16,0.1276586,0.5297466,120,185,726,0
p10,  success, 38, 26,0.2973824,1.0880768,177,272,1652,0
p11,  success, 36, 30,0.3231111,1.1976977,141,247,1371,0
p12,  success, 21, 12,0.2088503,0.7640313,69,148,667,0
p13,  success, 52, 36,0.8349653,2.7759854,201,441,2761,0
p14,  success, 36, 31,0.5245391,1.5416318,129,264,1512,0
p15,  success, 44, 36,0.8191357,2.170008,117,281,1855,0
p16,  success, 46, 32,1.0582374,2.6088699,201,353,2143,0
p17,  success, 54, 35,2.2958706,8.3317744,500,891,4744,0
p18,  success, 52, 19,2.4149376,10.9409674,340,601,4669,0
p19,  success, 78, 48,5.4790456,25.1484472,495,911,6967,0
p21,  success, 69, 50,25.9888616,92.8071658,615,1067,7998,0
p22,  success, 81, 49,45.7724877,167.004096,840,1687,13756,0
p23	  success	92	39	59.3125625	313.9445822	2604	3665	25116	0
p24,  success, 144, 78,45.640681,224.483637,1890,2885,20117,0
p25,  success, 36, 16,3.5554551,30.1952303,378,543,3788,0
p26,  success, 85, 41,9.3711004,59.0360468,1359,2023,11039,0
p27,  success, 117, 78,24.3005653,129.1980518,1935,2808,17888,0
p05-pfile5,  success, 15, 15,0.1192816,0.4825603,12,39,456,0
p06-pfile6,  success, 25, 16,0.1966343,0.6118768,22,105,1279,0
p07-pfile7,  success, 31, 25,0.2620775,0.7546949,21,114,1485,0
p08-pfile8,  success, 33, 33,0.5604623,1.2678503,30,153,2498,0
p09-pfile9,  success, 33, 23,0.4325603,1.529422,56,158,2577,0
p10-pfile10,  success, 48, 30,0.841369,2.6759699,100,339,5712,0
p11-pfile11,  success, 41, 25,1.0011015,3.9977357,88,294,6252,0
p12-pfile12,  success, 53, 37,3.4080981,11.5881369,196,540,14435,0
p13-pfile13,  success, 64, 29,6.26775390000001,26.3166903,312,758,23901,0
p14-pfile14,  success, 55, 55,5.6000846,10.5735843,80,450,11767,0
p15-pfile15,  success, 53, 42,3.0340449,13.0963255,203,451,11916,0
p16-pfile16,  success, 61, 61,6.7147674,17.7662183,171,606,15899,0
p18-pfile18,  success, 44, 44,3.4291905,7.0406759,52,284,7428,0
p19-pfile19,  success, 87, 49,10.2503629,24.5979444,140,896,24235,0
p20-pfile20,  success, 115, 100,41.6595105,66.6945531,388,1807,51540,0
p21-HC-pfile1,  success, 77, 77,11.6096902,43.1021849,136,350,15422,0
p22-HC-pfile2,  success, 98, 64,36.5817797,154.0722039,332,839,45349,0
p01,  success, 32, 19,0.4466716,1.1336556,134,209,546,0
p01-1,  success, 20, 14,0.2417599,0.7346158,64,102,265,0
p02,  success, 159, 106,51.0987933000003,95.8528986,5505,8533,20808,0
p02-1,  success, 127, 94,363.052622300001,620.02847,23973,36361,93536,0
p03,  success, 11, 8,0.1619728,0.7094759,24,43,98,0
p03-1,  success, 11, 8,0.1472656,0.6374188,21,37,75,0
p05-1,  success, 46, 30,6.17285079999999,18.3630447,1134,1237,3141,0
p06,  success, 34, 18,32.0408117999999,62.3999331,2004,2979,8172,0
p06-1,  success, 46, 22,73.7748230999998,208.1354292,10480,10000,25601,0
p07,  success, 107, 65,84.5118101999997,154.6699094,7987,12316,32341,0
p07-1,  success, 49, 32,4.8421377,14.4213056,1458,1285,3222,0
p08-1,  success, 110, 74,110.8423025,216.8098936,12870,13162,30909,0
p01,  success, 10, 6,0.0755899,0.3548616,57,76,55,0
p02,  success, 14, 8,0.1428076,0.512914,400,451,281,0
p03,  success, 16, 10,0.1069036,0.4600221,250,264,168,0
p04,  success, 14, 8,0.1037295,0.4560484,180,202,150,0
p05,  success, 18, 10,0.124031,0.549242,354,376,256,0
p06,  success, 16, 10,0.1418785,0.6159949,474,524,370,0
p07,  success, 14, 8,0.134358,0.5832115,384,426,289,0
p08,  success, 14, 9,0.1157248,0.6022312,240,258,274,0
p09,  success, 18, 10,0.1184756,0.6171396,276,300,315,0
p10,  success, 14, 9,0.1180029,0.6026251,252,272,289,0
p11,  success, 14, 9,0.111788,0.5076123,210,234,243,0
p12,  success, 18, 11,0.1310458,0.6074151,348,371,327,0
p13,  success, 21, 11,0.1725393,0.7308562,606,675,576,0
p14,  success, 21, 10,0.1305911,0.7355366,448,457,450,0
p15,  success, 25, 12,0.1740694,0.9470614,704,712,625,0
p16,  success, 25, 11,0.1757367,0.9406959,712,649,578,0
p17,  success, 28, 14,0.2012841,1.138886,999,851,710,0
p18,  success, 32, 13,0.2337136,1.2573237,1287,952,842,0
p19,  success, 32, 12,0.3240957,1.6385648,1971,1364,1234,0
p20,  success, 30, 15,0.2519502,1.3459211,1431,1146,1086,0
p01,  success, 25, 21,0.1096903,0.5869765,285,246,217,0
p03,  success, 25, 21,0.1211382,0.6159965,285,246,223,0
p01,  success, 6, 3,0.0784644,0.4745842,102,87,164,0
p02,  success, 14, 6,0.1896195,1.0816378,276,213,721,0
p03,  success, 29, 15,11.9174588,38.7774646,9138,5718,23215,0
p04,  success, 48, 17,13.3991588,46.064731,7248,4025,26597,0
p05,  success, 47, 20,35.0711869,108.9169561,7956,4592,35227,0
p07,  success, 65, 31,256.5420548,617.9592526,11316,7371,73359,0
p12,  success, 13, 6,0.1949045,1.1754617,294,193,589,0
p13,  success, 26, 11,1.0102947,5.1527308,750,432,2476,0
p14,  success, 29, 15,2.4901292,11.4501993,936,585,8335,0
p15,  success, 40, 14,2.7706457,13.8710184,1032,598,6329,0
p16,  success, 52, 25,42.8608003,126.2763332,5058,3647,34564,0
pfile10,  success, 28, 28,0.2944769,0.9318683,32,93,682,0
pfile12,  success, 29, 29,0.4949487,1.2600964,28,106,787,0
pfile13,  success, 32, 32,0.5117432,1.3727504,36,102,734,0
pfile14,  success, 40, 40,2.7860844,7.8628834,76,188,2159,0
pfile15,  success, 52, 52,8.1193165,21.0178353,96,228,2467,0
pfile16,  success, 58, 58,13.1079823,32.3129618,104,267,4269,0
pfile17,  success, 71, 71,40.9821648,85.9932025,152,434,8632,0
pfile18,  success, 79, 79,58.9910287,122.1609189,148,451,5899,0
pfile3,  success, 6, 6,0.0791795,0.3771861,4,12,73,0
pfile4,  success, 8, 8,0.085012,0.3933571,4,16,75,0
pfile5,  success, 13, 13,0.1102099,0.4492676,8,26,138,0
pfile6,  success, 14, 14,0.1065498,0.4457172,8,24,171,0
pfile7,  success, 19, 19,0.1328951,0.4926934,8,39,158,0
pfile8,  success, 13, 13,0.1622887,0.665459,12,41,322,0
pfile9,  success, 25, 25,0.263491,0.8570789,28,83,660,0
probBLOCKS-10-0,  success, 28, 26,1.4669099
probBLOCKS-10-1,  success, 32, 28,1.4027039
probBLOCKS-10-2,  success, 30, 26,1.4202864
