probBLOCKS-10-0,  success, 26, 22,55.0281371,237,128,582,0
probBLOCKS-10-1,  success, 32, 29,106.8195185,204,156,672,0
probBLOCKS-10-2,  success, 30, 26,109.7927709,159,139,501,0
probBLOCKS-11-0,  success, 26, 21,84.8121822,180,131,535,0
probBLOCKS-11-1,  success, 36, 25,160.5392692,285,189,967,0
probBLOCKS-11-2,  success, 26, 21,80.6021256,177,129,489,0
probBLOCKS-12-0,  success, 28, 23,115.5687488,192,149,474,0
probBLOCKS-12-1,  success, 26, 23,90.0996294,147,117,429,0
probBLOCKS-13-0,  success, 34, 34,127.8604875,156,147,754,0
probBLOCKS-13-1,  success, 40, 38,204.9784016,195,175,978,0
probBLOCKS-14-0,  success, 28, 22,89.3242644,198,142,555,0
probBLOCKS-14-1,  success, 34, 26,116.8038427,243,176,827,0
probBLOCKS-15-0,  success, 52, 33,429.1865236,429,292,1777,0
probBLOCKS-15-1,  success, 46, 41,144.3964308,321,221,1306,0
probBLOCKS-16-1,  success, 62, 42,564.484768,474,326,2104,0
probBLOCKS-16-2,  success, 42, 32,102.6433278,384,217,1209,0
probBLOCKS-17-0,  success, 58, 39,615.5970036,426,297,1984,0
probBLOCKS-9-0,  success, 30, 21,156.8056359,246,169,656,0
probBLOCKS-9-1,  success, 20, 18,62.3887096,132,95,226,0
probBLOCKS-9-2,  success, 20, 18,75.9279031,114,96,340,0
pfile1,  success, 10, 4,55.4883602,72,66,83,0
pfile10,  success, 25, 9,365.8572354,476,257,513,0
pfile11,  success, 63, 29,782.9944046,1260,659,1355,0
pfile12,  success, 86, 28,1685.0864218,1589,865,2052,0
pfile13,  success, 26, 8,252.1076806,567,286,603,0
pfile14,  success, 37, 24,412.3852404,518,354,885,0
pfile16,  success, 27, 9,261.5226389,574,281,933,0
pfile17,  success, 28, 15,396.5584021,658,305,1155,0
pfile19,  success, 45, 16,721.2919463,1143,567,2043,0
pfile2,  success, 15, 6,75.4645837,104,101,163,0
pfile3,  success, 37, 15,135.3571443,400,253,476,0
pfile4,  success, 33, 14,285.5275659,288,201,359,0
pfile5,  success, 68, 32,347.9295869,716,436,844,0
pfile7,  success, 26, 13,112.5844914,244,168,329,0
pfile8,  success, 34, 14,176.2891829,296,202,499,0
pfile9,  success, 68, 23,350.4774051,736,436,1216,0
pfile1,  success, 6, 6,9.6249954,3,13,30,0
pfile10,  success, 15, 15,5.1424781,29,31,258,0
pfile11,  success, 18, 18,11.069669,31,41,271,0
pfile12,  success, 29, 17,21.7848608,31,63,398,0
pfile13,  success, 26, 18,33.0187055,32,60,392,0
pfile14,  success, 32, 21,79.784813,86,107,599,0
pfile15,  success, 53, 37,581.9259018,213,236,1326,0
pfile16,  success, 70, 30,1589.1362471,712,429,3087,0
pfile2,  success, 13, 11,13.6770949,18,29,115,0
pfile3,  success, 10, 10,4.4540119,17,21,102,0
pfile4,  success, 14, 14,17.2831924,56,43,175,0
pfile5,  success, 18, 14,51.0440086,44,67,233,0
pfile6,  success, 8, 4,23.7538567,16,29,80,0
pfile7,  success, 12, 12,24.8326911,40,39,162,0
pfile8,  success, 22, 14,50.0170864,78,84,363,0
pfile9,  success, 22, 12,25.4420715,26,51,247,0
p01,  success, 19, 9,84.7224454,84,101,479,0
p02,  success, 23, 13,78.5083501,84,100,508,0
p03,  success, 30, 14,110.1029601,120,131,685,0
p04,  success, 36, 16,89.8642914,159,160,917,0
p05,  success, 45, 25,173.4788243,177,199,1092,0
p06,  success, 55, 33,208.1451505,237,235,1372,0
p07,  success, 58, 21,167.3972814,309,264,1575,0
p08,  success, 44, 25,140.0587594,243,208,1221,0
p09,  success, 59, 27,204.4823777,276,270,1631,0
p10,  success, 80, 34,247.2429206,456,377,2541,0
p11,  success, 49, 38,202.7898468,156,220,1511,0
p12,  success, 74, 49,392.4259977,213,394,2802,0
p13,  success, 86, 39,346.4850842,381,374,2814,0
p14,  success, 143, 74,623.4676204,471,618,4838,0
p15,  success, 169, 109,794.9099072,627,688,5780,0
p16,  success, 177, 100,860.9807256,714,736,5850,0
p17,  success, 117, 62,639.1971602,546,522,4465,0
p18,  success, 230, 130,1445.422038,612,955,7455,0
p19,  success, 235, 145,1512.8516919,846,985,8198,0
p20,  success, 198, 103,1613.5660954,984,977,8310,0
probLOGISTICS-10-0,  success, 56, 20,246.0271146,412,340,1373,0
probLOGISTICS-10-1,  success, 50, 24,207.0080323,392,300,1254,0
probLOGISTICS-11-0,  success, 63, 27,227.7031973,424,375,1532,0
probLOGISTICS-11-1,  success, 66, 43,421.9598748,864,412,5760,0
probLOGISTICS-12-0,  success, 50, 20,254.2828033,404,330,1345,0
probLOGISTICS-12-1,  success, 73, 48,424.8123195,836,441,6464,0
probLOGISTICS-13-0,  success, 89, 38,659.4123065,1332,756,3454,0
probLOGISTICS-13-1,  success, 78, 35,666.5579779,1284,777,3325,0
probLOGISTICS-14-0,  success, 69, 25,587.3943223,1104,637,2947,0
probLOGISTICS-14-1,  success, 92, 37,663.1829058,1320,798,3651,0
probLOGISTICS-15-0,  success, 102, 42,828.006157,1434,945,4276,0
probLOGISTICS-15-1,  success, 89, 34,635.777129,1176,797,3486,0
probLOGISTICS-4-0,  success, 22, 17,39.5315192,52,71,251,0
probLOGISTICS-5-0,  success, 34, 17,63.5646397,80,123,425,0
probLOGISTICS-6-0,  success, 36, 18,77.7375725,88,132,444,0
probLOGISTICS-7-0,  success, 50, 25,162.6501637,246,251,940,0
probLOGISTICS-8-0,  success, 38, 17,135.3884698,192,188,720,0
probLOGISTICS-8-1,  success, 54, 21,164.5966068,270,260,1124,0
probLOGISTICS-9-0,  success, 47, 21,148.6486054,213,228,849,0
probLOGISTICS-9-1,  success, 36, 18,123.9401642,165,160,604,0
p10,  success, 46, 35,116.0562225,183,201,1294,0
p11,  success, 41, 28,142.1261612,150,186,1038,0
p12,  success, 25, 13,84.3472162,75,106,495,0
p13,  success, 65, 47,195.0599695,240,336,2148,0
p14,  success, 44, 39,178.7686698,81,178,1028,0
p15,  success, 69, 54,220.232709,162,296,1835,0
p16,  success, 54, 28,125.4737613,234,259,1609,0
p17,  success, 84, 58,529.6274723,550,624,3755,0
p18,  success, 56, 20,308.6617477,365,372,2626,0
p19,  success, 89, 53,611.9852305,440,606,4323,0
p21,  success, 81, 42,545.2760816,665,561,4550,0
p22,  success, 111, 50,853.1087236,770,805,6519,0
p23,  success, 122, 60,1464.6245277,1442,1128,7456,0
p24,  success, 161, 106,1660.7555492,1876,1560,10856,0
p25,  success, 41, 16,1074.3640858,783,590,3886,0
p26,  success, 91, 27,1348.1654785,1530,1090,5980,0
p27,  success, 149, 59,1746.9128944,2394,1789,11017,0
p05-pfile5,  success, 15, 15,41.740001,12,46,548,0
p06-pfile6,  success, 20, 11,55.1239495,18,62,758,0
p07-pfile7,  success, 36, 31,146.2609178,33,146,1897,0
p08-pfile8,  success, 43, 43,176.8906148,30,173,2772,0
p09-pfile9,  success, 35, 26,195.6263452,52,177,2851,0
p10-pfile10,  success, 44, 31,223.2668225,80,240,3585,0
p11-pfile11,  success, 35, 21,433.5392326,208,382,8072,0
p12-pfile12,  success, 59, 43,488.7893561,164,411,10800,0
p13-pfile13,  success, 58, 24,652.2085765,188,482,15106,0
p14-pfile14,  success, 55, 55,413.1778531,80,331,8536,0
p15-pfile15,  success, 50, 39,565.8586001,189,425,11293,0
p16-pfile16,  success, 73, 73,1057.1789256,171,731,18923,0
p18-pfile18,  success, 37, 37,220.9682744,52,186,4901,0
p19-pfile19,  success, 71, 42,505.2184671,172,387,11001,0
p20-pfile20,  success, 168, 153,1479.0824499,484,1136,31486,0
p21-HC-pfile1,  success, 75, 75,659.1429304,136,376,16613,0
p22-HC-pfile2,  success, 99, 66,1709.6428973,276,616,33538,0
p01,  success, 34, 23,25.8052097,55,81,213,0
p01-1,  success, 20, 14,23.3182504,27,49,131,0
p02,  success, 101, 62,90.4745137,153,234,577,0
p02-1,  success, 133, 99,162.1476181,188,309,776,0
p03,  success, 11, 8,15.3323364,15,25,55,0
p03-1,  success, 10, 8,14.3789932,13,27,54,0
p04,  success, 101, 50,573.8554467,422,393,1115,0
p05,  success, 45, 41,203.3185576,124,147,357,0
p05-1,  success, 34, 22,113.5076554,110,132,341,0
p06,  success, 27, 16,26.3798024,38,65,189,0
p06-1,  success, 24, 13,1216.5474118,86,93,245,0
p07,  success, 93, 65,83.7260237,134,216,584,0
p07-1,  success, 38, 26,121.2705413,116,138,325,0
p08,  success, 175, 130,557.0879918,235,399,993,0
p08-1,  success, 95, 64,1365.1640372,256,316,757,0
p01,  success, 10, 6,43.4619637,57,57,57,0
p02,  success, 14, 8,103.9922461,170,121,135,0
p03,  success, 16, 10,111.8081584,180,127,117,0
p04,  success, 14, 8,105.5104644,170,115,134,0
p05,  success, 17, 10,128.7766322,330,171,201,0
p06,  success, 16, 10,151.1885548,258,162,174,0
p07,  success, 14, 8,142.269217,198,137,139,0
p08,  success, 14, 9,99.2925341,288,143,232,0
p09,  success, 18, 10,146.2164061,342,185,299,0
p10,  success, 14, 9,116.8263764,306,157,253,0
p11,  success, 14, 9,118.5062112,160,134,186,0
p12,  success, 19, 11,172.4102831,318,205,261,0
p13,  success, 22, 12,177.6406291,366,225,323,0
p14,  success, 23, 13,237.5790075,455,259,372,0
p15,  success, 28, 16,362.7166504,576,354,429,0
p16,  success, 27, 16,361.9804305,624,354,438,0
p17,  success, 29, 14,428.4942593,873,411,475,0
p18,  success, 29, 15,437.8173992,675,417,428,0
p19,  success, 30, 13,404.9248524,891,437,498,0
p20,  success, 28, 15,390.0582572,765,415,504,0
p01,  success, 25, 21,119.3875441,150,161,162,0
p02,  success, 33, 26,633.2806872,330,228,723,0
p03,  success, 25, 21,119.1654942,150,161,164,0
p04,  success, 31, 19,537.2567266,265,222,555,0
p01,  success, 6, 4,64.5643991,108,59,112,0
p02,  success, 14, 6,145.8280142,270,140,438,0
p03,  success, 29, 16,693.510805,540,268,1741,0
p04,  success, 41, 18,498.5705269,726,433,4372,0
p05,  success, 36, 16,463.2359772,888,392,5050,0
p07,  success, 57, 25,1708.1109847,1614,623,15856,0
p11,  success, 5, 4,44.5809233,72,49,75,0
p12,  success, 13, 8,140.7894372,240,136,400,0
p13,  success, 25, 14,266.5955086,528,268,2004,0
p14,  success, 27, 15,380.294957,624,287,5249,0
p15,  success, 40, 17,544.6077293,900,448,5326,0
p16,  success, 44, 15,1628.2475095,930,427,8244,0
pfile10,  success, 43, 43,121.2695653,70,132,1098,0
pfile12,  success, 34, 34,95.2133418,44,105,1048,0
pfile13,  success, 50, 50,139.5785076,74,153,1522,0
pfile14,  success, 51, 51,339.7821738,120,260,3963,0
pfile15,  success, 69, 69,557.3457084,292,350,3649,0
pfile16,  success, 70, 70,692.2383294,152,355,7672,0
pfile17,  success, 106, 106,1329.1105151,344,535,12088,0
pfile18,  success, 100, 100,1644.3639877,392,505,9701,0
pfile3,  success, 7, 7,12.8008246,7,16,90,0
pfile4,  success, 12, 12,19.1801328,9,26,135,0
pfile5,  success, 18, 18,27.5823505,11,38,225,0
pfile6,  success, 19, 19,28.9505124,12,40,286,0
pfile7,  success, 21, 21,30.2055957,15,44,216,0
pfile8,  success, 16, 16,45.8679217,36,51,314,0
pfile9,  success, 38, 38,106.1997623,52,117,861,0
