probBLOCKS-10-0,  success, 28, 26,5.9276238,84,37,138,0
probBLOCKS-10-1,  success, 32, 28,9.5992997,96,49,185,0
probBLOCKS-10-2,  success, 30, 26,8.671615,90,45,141,0
probBLOCKS-11-0,  success, 26, 23,8.8857339,78,41,138,0
probBLOCKS-11-1,  success, 54, 34,17.4842231,162,81,391,0
probBLOCKS-11-2,  success, 26, 21,8.3730489,78,40,128,0
probBLOCKS-12-0,  success, 28, 23,11.6695495,84,48,151,0
probBLOCKS-12-1,  success, 26, 22,7.3671991,78,37,117,0
probBLOCKS-13-0,  success, 34, 33,6.777631,102,43,209,0
probBLOCKS-13-1,  success, 40, 38,7.4004492,120,49,245,0
probBLOCKS-14-0,  success, 28, 22,10.9094,84,45,165,0
probBLOCKS-14-1,  success, 34, 28,16.1679372,102,56,243,0
probBLOCKS-15-0,  success, 102, 61,41.1954321,306,168,710,0
probBLOCKS-15-1,  success, 46, 45,9.7992614,138,59,303,0
probBLOCKS-16-1,  success, 104, 66,43.8574189,312,169,816,0
probBLOCKS-16-2,  success, 44, 41,9.9945091,132,56,246,0
probBLOCKS-17-0,  success, 116, 81,57.1545536,348,192,849,0
probBLOCKS-9-0,  success, 42, 33,20.1453782,126,77,234,0
probBLOCKS-9-1,  success, 24, 20,9.483268,72,41,99,0
probBLOCKS-9-2,  success, 20, 18,5.8459618,60,29,95,0
pfile1,  success, 10, 4,3.1041603,40,16,26,0
pfile10,  success, 32, 11,47.0584388,224,59,163,0
pfile11,  success, 63, 29,25.764874,441,109,328,0
pfile12,  success, 89, 28,48.2306641,623,146,525,0
pfile13,  success, 26, 8,11.9961481,182,48,133,0
pfile14,  success, 37, 24,21.0045877,259,58,194,0
pfile15,  success, 75, 30,41.2596674,525,114,362,0
pfile16,  success, 32, 11,55.0292054,259,85,317,0
pfile17,  success, 35, 20,97.2248681,329,93,490,0
pfile18,  success, 67, 17,145.2755507,483,132,602,0
pfile19,  success, 47, 17,28.0333373,423,80,424,0
pfile2,  success, 15, 6,4.5680214,60,25,47,0
pfile3,  success, 37, 15,12.4123379,148,63,132,0
pfile4,  success, 67, 30,23.2777282,268,109,226,0
pfile5,  success, 75, 37,20.2433112,300,116,272,0
pfile7,  success, 27, 12,12.8390158,108,48,115,0
pfile8,  success, 60, 34,29.3182684,240,87,259,0
pfile9,  success, 75, 30,19.828294,300,113,377,0
pfile1,  success, 6, 6,2.9920296,2,8,16,0
pfile10,  success, 15, 15,3.8629873,15,17,131,0
pfile11,  success, 20, 20,4.1880247,16,22,139,0
pfile12,  success, 29, 17,6.3079381,23,34,245,0
pfile13,  success, 34, 23,7.9901037,26,42,260,0
pfile14,  success, 40, 23,8.9861009,60,51,319,0
pfile15,  success, 53, 33,26.1848071,129,66,476,0
pfile16,  success, 71, 23,106.1587416,212,92,660,0
pfile17,  success, 90, 26,108.2056204,328,116,956,0
pfile18,  success, 115, 68,396.1352964,396,144,1448,0
pfile19,  success, 165, 47,444.4762735,556,212,1975,0
pfile2,  success, 13, 11,3.52103,11,16,67,0
pfile3,  success, 12, 12,3.1654288,10,14,62,0
pfile4,  success, 14, 14,1.8214224,24,15,64,0
pfile5,  success, 18, 14,3.6187017,32,23,113,0
pfile6,  success, 8, 4,4.9095566,12,12,41,0
pfile7,  success, 12, 12,4.7168596,20,15,70,0
pfile8,  success, 22, 14,8.2308045,36,33,161,0
pfile9,  success, 22, 12,5.7842668,18,29,144,0
p01,  success, 20, 12,7.2909879,27,27,133,0
p02,  success, 23, 13,6.2437583,42,29,160,0
p03,  success, 30, 14,8.0725735,36,38,206,0
p04,  success, 36, 16,6.8752247,60,45,265,0
p05,  success, 46, 25,8.4832401,60,54,309,0
p06,  success, 55, 33,9.1818385,66,64,380,0
p07,  success, 59, 25,10.5683451,96,74,453,0
p08,  success, 44, 25,7.6448836,78,53,322,0
p09,  success, 59, 27,12.7493304,75,74,466,0
p10,  success, 80, 34,12.9971724,132,97,635,0
p11,  success, 49, 38,10.8485197,48,57,516,0
p12,  success, 83, 61,13.7094713,66,95,948,0
p13,  success, 86, 39,19.0462308,81,102,926,0
p14,  success, 143, 74,26.2447138,120,161,1670,0
p15,  success, 169, 109,20.0829262,129,175,1954,0
p16,  success, 177, 100,26.7598098,138,185,1997,0
p17,  success, 117, 62,31.7133794,144,136,1364,0
p18,  success, 228, 130,46.3660057,180,242,2735,0
p19,  success, 236, 145,55.2453257,204,258,2886,0
p20,  success, 193, 99,54.5861649,168,211,2225,0
probLOGISTICS-10-0,  success, 56, 20,14.1046369,124,79,349,0
probLOGISTICS-10-1,  success, 50, 24,12.5379189,120,72,341,0
probLOGISTICS-11-0,  success, 63, 27,10.1957734,132,83,386,0
probLOGISTICS-11-1,  success, 66, 45,13.0873493,220,88,974,0
probLOGISTICS-12-0,  success, 52, 20,15.9948542,116,79,346,0
probLOGISTICS-12-1,  success, 76, 48,12.0555255,252,95,1073,0
probLOGISTICS-13-0,  success, 90, 42,24.1616368,348,127,700,0
probLOGISTICS-13-1,  success, 78, 35,22.742928,288,118,595,0
probLOGISTICS-14-0,  success, 70, 32,22.542411,258,108,602,0
probLOGISTICS-14-1,  success, 93, 41,24.8397792,318,134,766,0
probLOGISTICS-15-0,  success, 104, 45,29.8399151,354,154,874,0
probLOGISTICS-15-1,  success, 92, 40,24.852097,288,136,761,0
probLOGISTICS-4-0,  success, 22, 17,4.746387,28,27,111,0
probLOGISTICS-5-0,  success, 34, 17,7.3199785,38,46,172,0
probLOGISTICS-6-0,  success, 36, 18,8.6556228,34,51,183,0
probLOGISTICS-7-0,  success, 50, 25,9.2273304,75,66,266,0
probLOGISTICS-8-0,  success, 40, 17,10.1425866,72,58,235,0
probLOGISTICS-8-1,  success, 54, 21,12.2991386,102,75,346,0
probLOGISTICS-9-0,  success, 47, 21,9.9799386,75,64,262,0
probLOGISTICS-9-1,  success, 36, 18,5.6676616,63,46,190,0
p10,  success, 45, 30,5.4942626,69,52,361,0
p11,  success, 49, 39,4.7171441,66,54,333,0
p12,  success, 26, 15,3.7109915,30,31,131,0
p13,  success, 70, 60,3.7561679,84,74,527,0
p14,  success, 49, 46,2.5869616,51,51,343,0
p15,  success, 69, 52,4.1413364,69,74,383,0
p16,  success, 58, 29,5.9412909,69,67,382,0
p17,  success, 84, 58,9.257674,125,94,603,0
p18,  success, 56, 19,8.0006139,95,66,484,0
p19,  success, 107, 71,14.3285185,160,120,915,0
p20,  success, 178, 133,15.4628203,308,187,1196,0
p21,  success, 91, 58,21.4065039,150,100,819,0
p22,  success, 111, 69,26.5357669,160,123,1050,0
p23,  success, 140, 79,39.1050801,266,153,1090,0
p24,  success, 191, 119,35.9013501,357,203,1368,0
p25,  success, 60, 15,18.3475261,153,69,441,0
p26,  success, 93, 49,16.3387727,270,103,556,0
p27,  success, 155, 69,25.8094923,387,171,1154,0
p28,  success, 131, 75,44.675337,342,143,1122,0
p29,  success, 105, 49,41.1233154,243,119,967,0
p05-pfile5,  success, 15, 15,1.8637889,12,16,192,0
p06-pfile6,  success, 20, 11,2.2996476,14,22,277,0
p07-pfile7,  success, 36, 31,2.4314055,21,38,499,0
p08-pfile8,  success, 43, 43,2.320543,30,44,739,0
p09-pfile9,  success, 35, 26,15.0076977,48,45,753,0
p10-pfile10,  success, 44, 31,6.514305,44,51,924,0
p11-pfile11,  success, 36, 22,42.6629165,84,80,1745,0
p12-pfile12,  success, 60, 43,17.6479433,80,71,1899,0
p13-pfile13,  success, 60, 26,279.5017085,136,240,7573,0
p14-pfile14,  success, 55, 55,6.3064756,80,56,1500,0
p15-pfile15,  success, 50, 39,11.071262,126,57,1513,0
p16-pfile16,  success, 73, 73,10.7399818,171,74,1985,0
p18-pfile18,  success, 37, 37,5.0633721,52,38,991,0
p19-pfile19,  success, 71, 42,50.0015048,132,99,2702,0
p20-pfile20,  success, 171, 156,167.7036501,300,369,10592,0
p21-HC-pfile1,  success, 75, 75,26.0450211,136,76,3413,0
p22-HC-pfile2,  success, 99, 66,123.4093349,200,121,6618,0
p24-HC-pfile4,  success, 135, 135,337.3727605,396,136,10255,0
p25-HC-pfile5,  success, 123, 123,398.0052689,420,124,9341,0
p01,  success, 34, 23,8.2890662,34,49,126,0
p01-1,  success, 20, 14,5.9146552,20,30,73,0
p02,  success, 127, 76,25.3674862,127,172,418,0
p02-1,  success, 133, 99,29.5925477,133,180,462,0
p03,  success, 11, 8,4.2396097,11,15,33,0
p03-1,  success, 10, 8,6.0517044,10,18,39,0
p04,  success, 107, 51,72.0263359,214,173,475,0
p05,  success, 48, 45,8.4850522,96,53,156,0
p05-1,  success, 34, 22,15.6040609,68,55,143,0
p06,  success, 29, 18,10.7941776,29,44,121,0
p06-1,  success, 24, 13,10.8789336,48,38,101,0
p07,  success, 93, 65,15.7275758,93,119,304,0
p07-1,  success, 38, 26,10.1257481,76,53,131,0
p08,  success, 227, 149,50.230358,227,293,746,0
p08-1,  success, 105, 74,37.8474747,210,126,518,0
p09,  success, 148, 88,860.8114853,296,206,565,0
p10,  success, 216, 212,427.5020536,648,223,435,0
p10-1,  success, 183, 96,1370.8359632,366,278,728,0
p01,  success, 10, 6,8.930857,30,22,27,0
p02,  success, 14, 8,13.2827177,70,32,46,0
p03,  success, 16, 10,12.4117295,80,32,40,0
p04,  success, 14, 8,12.379083,70,30,43,0
p05,  success, 17, 10,15.1143559,102,37,50,0
p06,  success, 16, 10,14.9758582,96,36,49,0
p07,  success, 14, 8,6.882381,84,27,38,0
p08,  success, 14, 9,15.0955552,84,34,58,0
p09,  success, 18, 10,15.5437789,108,39,78,0
p10,  success, 14, 9,15.0327613,84,34,58,0
p11,  success, 14, 9,13.7498935,70,33,60,0
p12,  success, 19, 11,16.7312924,114,43,85,0
p13,  success, 24, 14,18.1543723,144,51,133,0
p14,  success, 23, 13,15.2530883,161,47,112,0
p15,  success, 28, 16,16.8967384,224,56,136,0
p16,  success, 27, 16,15.6618918,216,52,112,0
p17,  success, 31, 18,17.0523346,279,59,130,0
p18,  success, 29, 15,24.7376391,261,65,128,0
p19,  success, 33, 15,24.7862467,297,71,135,0
p20,  success, 30, 15,18.4511892,270,63,142,0
p01,  success, 25, 21,3.1364735,125,37,99,0
p02,  success, 35, 24,170.4167646,175,53,306,0
p03,  success, 25, 21,3.127769,125,37,100,0
p04,  success, 31, 19,32.984099,155,48,221,0
p18,  success, 58, 19,139.4750436,522,97,530,0
p19,  success, 58, 19,136.9939219,522,97,530,0
p20,  success, 58, 19,136.5467043,522,97,530,0
p01,  success, 6, 4,8.8297613,36,15,26,0
p02,  success, 14, 5,14.3095459,84,32,98,0
p03,  success, 29, 16,39.4425546,174,50,407,0
p04,  success, 52, 22,35.25637,312,94,1167,0
p05,  success, 36, 16,34.0004516,216,76,1574,0
p06,  success, 50, 26,95.0415149,300,87,2780,0
p07,  success, 57, 25,74.5865367,342,119,5492,0
p08,  success, 80, 35,237.1096146,480,140,6653,0
p09,  success, 96, 46,298.4742132,576,172,10186,0
p10,  success, 103, 53,195.7192821,618,184,10609,0
p11,  success, 7, 5,103.6157421,222,121,125,0
p12,  success, 13, 8,14.0386338,78,30,115,0
p13,  success, 25, 10,23.2743631,150,55,530,0
p14,  success, 27, 15,26.8965087,162,57,1251,0
p15,  success, 40, 18,35.3692745,240,82,1356,0
p16,  success, 58, 31,59.9744146,348,100,2098,0
p17,  success, 67, 33,183.4406533,402,121,3335,0
p18,  success, 63, 29,172.7069155,378,114,4637,0
p19,  success, 84, 41,149.3990643,504,146,5322,0
p20,  success, 84, 37,160.4965801,504,136,11165,0
pfile10,  success, 43, 43,4.8569125,32,46,347,0
pfile12,  success, 34, 34,4.9045689,28,37,285,0
pfile13,  success, 50, 50,5.1120043,36,53,498,0
pfile14,  success, 51, 51,11.6389476,72,56,618,0
pfile15,  success, 69, 69,17.9532419,96,74,865,0
pfile16,  success, 70, 70,24.8970867,104,75,1147,0
pfile17,  success, 106, 106,42.6425116,152,111,1895,0
pfile18,  success, 100, 100,58.7773323,144,105,1935,0
pfile19,  success, 127, 127,97.4033431,176,132,2631,0
pfile20,  success, 140, 140,132.8357609,200,145,3315,0
pfile21,  success, 172, 172,163.0368298,240,177,4506,0
pfile22,  success, 171, 171,237.9383274,240,176,4590,0
pfile23,  success, 170, 170,313.1089276,300,176,4803,0
pfile3,  success, 7, 7,2.9997376,4,9,47,0
pfile4,  success, 12, 12,3.0188148,4,14,53,0
pfile5,  success, 18, 18,3.0829958,8,20,88,0
pfile6,  success, 19, 19,3.0979962,8,21,132,0
pfile7,  success, 21, 21,3.1117118,8,23,125,0
pfile8,  success, 16, 16,4.6032789,12,19,101,0
pfile9,  success, 38, 38,4.7225021,28,41,265,0
