probBLOCKS-10-0,  success, 28, 26,6.1554243,84,37,138,0
probBLOCKS-10-1,  success, 32, 28,9.1583061,96,49,185,0
probBLOCKS-10-2,  success, 30, 26,8.1480742,90,45,141,0
probBLOCKS-11-0,  success, 26, 23,8.4143495,78,41,138,0
probBLOCKS-11-1,  success, 38, 36,9.5632695,114,48,198,0
probBLOCKS-11-2,  success, 26, 21,7.9761498,78,40,128,0
probBLOCKS-12-0,  success, 28, 23,11.1320032,84,48,151,0
probBLOCKS-12-1,  success, 26, 22,6.8438935,78,37,117,0
probBLOCKS-13-0,  success, 34, 33,6.2493971,102,43,209,0
probBLOCKS-13-1,  success, 40, 38,6.9372462,120,49,245,0
probBLOCKS-14-0,  success, 28, 22,10.3502374,84,45,165,0
probBLOCKS-14-1,  success, 34, 28,14.6464434,102,56,243,0
probBLOCKS-15-0,  success, 102, 61,44.4565161,306,168,710,0
probBLOCKS-15-1,  success, 46, 45,9.2803702,138,59,303,0
probBLOCKS-16-1,  success, 104, 66,41.2139156,312,169,816,0
probBLOCKS-16-2,  success, 44, 41,9.0575727,132,56,246,0
probBLOCKS-17-0,  success, 116, 81,49.6909673,348,192,849,0
probBLOCKS-9-0,  success, 42, 33,18.832941,126,77,234,0
probBLOCKS-9-1,  success, 24, 20,8.8994749,72,41,99,0
probBLOCKS-9-2,  success, 20, 18,5.2990084,60,29,95,0
pfile1,  success, 10, 4,2.6334234,40,16,26,0
pfile10,  success, 32, 11,41.0594439,224,59,163,0
pfile11,  success, 63, 29,23.0305361,441,109,328,0
pfile12,  success, 89, 28,44.2256161,623,146,525,0
pfile13,  success, 26, 8,10.5113572,182,48,133,0
pfile14,  success, 37, 24,18.0165521,259,58,194,0
pfile15,  success, 75, 30,38.2462856,525,114,362,0
pfile16,  success, 32, 11,45.5690715,259,85,317,0
pfile17,  success, 35, 20,82.9019947,329,93,490,0
pfile18,  success, 67, 17,123.8434301,483,132,602,0
pfile19,  success, 47, 17,23.5086455,423,80,424,0
pfile2,  success, 15, 6,4.0399767,60,25,47,0
pfile3,  success, 37, 15,11.4264272,148,63,132,0
pfile4,  success, 67, 30,21.1550334,268,109,226,0
pfile5,  success, 75, 37,18.7466481,300,116,272,0
pfile7,  success, 27, 12,10.6955338,108,48,115,0
pfile8,  success, 60, 34,23.8748395,240,87,259,0
pfile9,  success, 75, 30,17.9950121,300,113,377,0
pfile1,  success, 6, 6,8.9179994,2,12,25,0
pfile10,  success, 15, 15,2.5371809,15,17,131,0
pfile11,  success, 20, 16,5.5566811,18,25,157,0
pfile12,  success, 39, 22,32.0354621,25,67,331,0
pfile13,  success, 26, 18,9.5955365,24,35,231,0
pfile14,  success, 32, 21,3.633657,56,42,281,0
pfile15,  success, 50, 27,100.7249727,126,83,519,0
pfile16,  success, 76, 19,141.7948197,232,106,764,0
pfile17,  success, 87, 41,219.6559102,316,123,1028,0
pfile18,  success, 118, 78,514.3496056,400,140,1585,0
pfile19,  success, 136, 72,811.0899454,464,174,2010,0
pfile2,  success, 15, 9,5.5631111,13,20,74,0
pfile3,  success, 10, 10,3.3859944,10,12,57,0
pfile4,  success, 14, 8,5.6899092,24,21,79,0
pfile5,  success, 18, 14,3.1406985,32,23,113,0
pfile6,  success, 8, 4,3.5744568,12,12,41,0
pfile7,  success, 14, 10,4.4955968,24,18,82,0
pfile8,  success, 23, 12,8.575707,38,36,167,0
pfile9,  success, 23, 13,11.5464962,19,35,160,0
p01,  success, 19, 11,32.9950345,30,55,270,0
p02,  success, 21, 15,14.4372321,42,40,212,0
p03,  success, 24, 12,141.1772751,153,177,874,0
p04,  success, 37, 20,33.5245623,78,82,436,0
p05,  success, 35, 11,18.2216769,60,57,318,0
p06,  success, 39, 17,9.9410048,66,54,328,0
p07,  success, 57, 18,14.9774648,96,77,460,0
p08,  success, 44, 20,67.6792579,174,169,1007,0
p09,  success, 52, 16,24.106295,81,84,507,0
p10,  success, 82, 43,29.3200695,138,119,720,0
p11,  success, 35, 25,437.7609034,252,477,3456,0
p12,  success, 53, 23,827.7992794,504,901,7024,0
p13,  success, 50, 36,361.0105741,249,395,3033,0
p15,  success, 83, 44,472.8934567,258,450,3512,0
p16,  success, 77, 42,1448.2710246,840,999,8256,0
p17,  success, 89, 41,329.7929986,261,253,2182,0
probLOGISTICS-10-0,  success, 52, 22,12.7445884,124,76,341,0
probLOGISTICS-10-1,  success, 48, 24,13.310747,120,73,349,0
probLOGISTICS-11-0,  success, 65, 29,11.5391621,132,90,422,0
probLOGISTICS-11-1,  success, 66, 45,12.0703293,220,88,974,0
probLOGISTICS-12-0,  success, 50, 21,12.8104529,116,74,330,0
probLOGISTICS-12-1,  success, 76, 48,10.7845118,252,95,1073,0
probLOGISTICS-13-0,  success, 89, 42,23.3051063,348,132,707,0
probLOGISTICS-13-1,  success, 75, 36,21.34454,288,117,602,0
probLOGISTICS-14-0,  success, 70, 32,20.0042734,258,108,602,0
probLOGISTICS-14-1,  success, 91, 40,22.0296554,318,132,729,0
probLOGISTICS-15-0,  success, 103, 46,27.386336,354,156,831,0
probLOGISTICS-15-1,  success, 86, 39,19.9992447,288,124,706,0
probLOGISTICS-4-0,  success, 20, 15,3.8031284,28,25,106,0
probLOGISTICS-5-0,  success, 30, 16,10.6732889,40,45,178,0
probLOGISTICS-6-0,  success, 32, 20,13.6411796,38,54,211,0
probLOGISTICS-7-0,  success, 47, 27,9.1747584,75,65,281,0
probLOGISTICS-8-0,  success, 38, 18,8.2613492,72,54,222,0
probLOGISTICS-8-1,  success, 54, 28,11.3388,102,77,337,0
probLOGISTICS-9-0,  success, 47, 27,10.4327554,75,68,282,0
probLOGISTICS-9-1,  success, 32, 17,5.2063523,63,42,185,0
p10,  success, 45, 25,8.5458511,69,57,362,0
p11,  success, 43, 31,10.3500877,66,54,313,0
p12,  success, 26, 11,820.5340942,438,950,4205,0
p13,  success, 70, 56,7.4832234,81,78,553,0
p14,  success, 42, 38,24.9132007,66,67,466,0
p15,  success, 56, 49,107.9489021,90,160,835,0
p16,  success, 64, 40,10.9208013,72,77,462,0
p17,  success, 84, 57,15.4087025,130,100,643,0
p18,  success, 56, 18,19.4162225,105,77,562,0
p19,  success, 105, 72,93.1799609,185,186,1287,0
p20,  success, 176, 106,364.5571224,441,431,2412,0
p21,  success, 91, 57,61.3170358,160,119,952,0
p22,  success, 111, 68,92.8721755,185,157,1298,0
p24,  success, 167, 102,117.7492672,399,232,1628,0
p25,  success, 44, 15,656.4544571,342,296,1936,0
p26,  success, 94, 59,34.5871566,279,117,639,0
p27,  success, 155, 68,39.3510835,387,181,1216,0
p28,  success, 125, 73,100.0961276,369,153,1219,0
p05-pfile5,  success, 25, 20,123.7447635,16,165,1814,0
p06-pfile6,  success, 24, 19,55.5948653,26,86,1057,0
p08-pfile8,  success, 45, 40,286.2127312,75,365,5891,0
p01,  success, 34, 23,7.9047585,34,49,128,0
p01-1,  success, 20, 14,4.5962153,20,28,68,0
p02,  success, 127, 76,24.9735211,127,172,418,0
p02-1,  success, 133, 99,28.6797765,133,180,462,0
p03,  success, 11, 8,3.4237763,11,15,33,0
p03-1,  success, 10, 8,5.6155624,10,18,39,0
p04,  success, 107, 51,75.2759176,214,173,475,0
p05,  success, 48, 45,9.3689804,96,53,156,0
p05-1,  success, 36, 22,12.7920585,72,54,142,0
p06,  success, 29, 18,10.3558675,29,44,121,0
p06-1,  success, 24, 13,10.2512809,48,38,101,0
p07,  success, 93, 65,15.2152271,93,119,310,0
p07-1,  success, 38, 26,9.2513942,76,53,131,0
p08,  success, 227, 149,49.6948635,227,291,742,0
p08-1,  success, 106, 78,29.5368718,212,130,554,0
p09,  success, 176, 104,403.7509987,352,230,575,0
p10,  success, 216, 212,304.631999,648,223,435,0
p10-1,  success, 81, 38,119.2944341,162,119,329,0
p01,  success, 10, 6,7.2705833,30,22,27,0
p02,  success, 14, 8,10.7297108,70,32,46,0
p03,  success, 16, 10,9.7932414,80,32,40,0
p04,  success, 14, 8,9.891635,70,30,43,0
p05,  success, 17, 10,12.0948884,102,37,50,0
p06,  success, 16, 10,12.061926,96,36,49,0
p07,  success, 14, 8,6.5172016,84,27,38,0
p08,  success, 14, 9,12.1544224,84,34,58,0
p09,  success, 18, 10,12.6041356,108,39,78,0
p10,  success, 14, 9,12.1337207,84,34,58,0
p11,  success, 14, 9,11.1763085,70,33,60,0
p12,  success, 19, 11,13.7900774,114,43,85,0
p13,  success, 24, 14,15.0821921,144,51,133,0
p14,  success, 23, 13,13.0493631,161,47,112,0
p15,  success, 28, 16,14.9267873,224,56,136,0
p16,  success, 27, 16,13.5581574,216,52,112,0
p17,  success, 31, 18,14.95742,279,59,130,0
p18,  success, 29, 15,20.4299135,261,65,128,0
p19,  success, 33, 15,20.9214793,297,71,135,0
p20,  success, 30, 15,16.7254878,270,63,142,0
p01,  success, 25, 21,2.6515746,125,37,99,0
p03,  success, 25, 21,3.1258058,125,37,100,0
p01,  success, 6, 4,8.0915086,36,15,26,0
p02,  success, 14, 5,11.9139778,84,32,98,0
p03,  success, 29, 16,37.3444192,174,50,407,0
p04,  success, 52, 22,32.8449487,312,94,1167,0
p05,  success, 36, 16,31.4232581,216,76,1574,0
p06,  success, 50, 26,94.0394177,300,87,2780,0
p07,  success, 57, 25,73.043193,342,119,5492,0
p08,  success, 80, 35,234.3080352,480,140,6653,0
p09,  success, 96, 46,293.5205545,576,172,10186,0
p10,  success, 103, 53,195.1269979,618,184,10609,0
p11,  success, 7, 5,106.224847,222,121,125,0
p12,  success, 13, 8,11.6337839,78,30,115,0
p13,  success, 25, 10,20.7105974,150,55,530,0
p14,  success, 27, 15,24.0198347,162,57,1251,0
p15,  success, 40, 18,32.8268363,240,82,1356,0
p16,  success, 58, 31,59.5512255,348,100,2098,0
p17,  success, 67, 33,181.6315658,402,121,3335,0
p18,  success, 63, 29,169.83568,378,114,4637,0
p19,  success, 84, 41,150.1198736,504,146,5322,0
p20,  success, 84, 37,157.1977911,504,136,11165,0
pfile10,  success, 30, 14,192.6133911,118,230,1689,0
pfile12,  success, 32, 13,453.1374168,234,525,4341,0
pfile13,  success, 30, 14,531.6229568,306,602,5573,0
pfile15,  success, 72, 63,157.5525655,120,165,1558,0
pfile19,  success, 123, 108,1060.1927246,228,275,4800,0
pfile3,  success, 7, 4,31.7197715,11,40,251,0
pfile4,  success, 8, 8,70.9209132,25,85,450,0
pfile5,  success, 12, 12,81.794913,19,102,604,0
pfile6,  success, 14, 7,152.4158325,34,180,1211,0
pfile7,  success, 24, 21,13.3050727,10,37,180,0
pfile8,  success, 11, 7,112.5654331,70,132,958,0
pfile9,  success, 34, 24,36.3602778,36,74,497,0
