probBLOCKS-10-0,  success, 38, 34,15.9931136,4338,2444,6955,0
probBLOCKS-10-1,  success, 60, 47,135.4891356,33261,17719,60207,0
probBLOCKS-10-2,  success, 48, 43,30.3316136,8505,4910,15918,0
probBLOCKS-11-0,  success, 30, 24,17.6252628,3825,2039,7251,0
probBLOCKS-11-1,  success, 42, 32,43.8559226,9291,4948,19904,0
probBLOCKS-11-2,  success, 46, 39,126.6319763,25698,13423,49022,0
probBLOCKS-12-1,  success, 46, 37,55.7268052,9219,4766,16606,0
probBLOCKS-13-1,  success, 56, 45,326.574655,38667,19796,74338,0
probBLOCKS-14-0,  success, 50, 45,269.1779237,27696,13147,47613,0
probBLOCKS-14-1,  success, 50, 44,231.764115,26262,13498,52025,0
probBLOCKS-9-0,  success, 38, 29,41.6254161,14175,7598,25736,0
probBLOCKS-9-1,  success, 40, 35,105.1165687,33102,16403,57299,0
probBLOCKS-9-2,  success, 24, 19,4.8928988,1554,886,2720,0
pfile1,  success, 10, 4,0.3984379,68,72,87,0
pfile10,  success, 29, 10,6.2034676,1463,998,1896,0
pfile11,  success, 100, 37,302.4129447,27468,18814,35249,0
pfile13,  success, 27, 9,4.7773263,658,534,991,0
pfile14,  success, 39, 17,287.4902,20951,16706,37608,0
pfile16,  success, 34, 16,9.2713824,1141,937,2940,0
pfile17,  success, 25, 13,13.7958075,602,457,1761,0
pfile18,  success, 88, 38,280.2041447,6818,3812,14145,0
pfile19,  success, 65, 34,95.73231,8235,5236,17902,0
pfile2,  success, 16, 6,0.7602421,360,317,444,0
pfile3,  success, 33, 12,2.4424349,1176,807,1387,0
pfile4,  success, 41, 22,7.9032532,2216,1857,3195,0
pfile5,  success, 124, 54,226.2892751,34852,27491,45417,0
pfile7,  success, 46, 28,112.2950883,30460,26637,45509,0
pfile8,  success, 43, 22,14.0859964,1876,1507,3529,0
pfile9,  success, 95, 46,362.6517147,19240,12668,33328,0
pfile1,  success, 6, 6,0.3519516,2,12,23,0
pfile10,  success, 16, 16,0.8816586,20,41,233,0
pfile11,  success, 20, 20,1.2420591,26,55,328,0
pfile13,  success, 25, 23,4.2199642,48,87,657,0
pfile14,  success, 35, 31,5.6472316,148,199,1158,0
pfile15,  success, 36, 36,28.7665082,267,363,1538,0
pfile2,  success, 17, 13,0.5268356,82,171,562,0
pfile3,  success, 11, 11,0.397197,13,27,95,0
pfile4,  success, 12, 10,0.6377849,168,250,746,0
pfile5,  success, 19, 15,3.8976219,980,1485,4707,0
pfile6,  success, 8, 6,0.5140801,32,48,138,0
pfile7,  success, 11, 11,1.1434783,192,289,929,0
pfile8,  success, 19, 15,54.7236123,4384,6588,22928,0
pfile9,  success, 22, 18,1.8504497,114,239,1099,0
p01,  success, 18, 17,1.1602661,135,242,1155,0
p02,  success, 23, 17,1.1294599,105,159,754,0
p03,  success, 30, 17,1.4684433,171,255,1323,0
p04,  success, 46, 37,3.8146656,369,587,2897,0
p05,  success, 43, 28,10.6343143,888,1365,7129,0
p06,  success, 67, 44,36.1149417,1656,2745,14634,0
p07,  success, 53, 31,4.8289783,348,448,2363,0
p08,  success, 71, 42,15.5531349,963,1491,8207,0
p10,  success, 78, 46,11.5425298,684,822,5361,0
p11,  success, 43, 34,8.6945475,192,330,2423,0
p12,  success, 64, 40,51.110083,741,1017,7459,0
p13,  success, 82, 58,482.473673,3231,5633,42931,0
p14,  success, 85, 55,129.1825775,1308,2018,14901,0
p16,  success, 89, 45,219.8293591,1557,2333,18404,0
p17,  success, 110, 64,236.5029297,1707,2577,20254,0
p19,  success, 143, 100,310.8690002,1701,2153,19690,0
p20,  success, 123, 62,626.6652417,2604,3944,33659,0
probLOGISTICS-10-0,  success, 46, 21,1.0795642,224,306,1256,0
probLOGISTICS-10-1,  success, 42, 20,0.9065637,176,250,1009,0
probLOGISTICS-11-0,  success, 51, 25,1.0471029,224,297,1222,0
probLOGISTICS-11-1,  success, 65, 54,6.4014967,1332,707,8594,0
probLOGISTICS-12-0,  success, 43, 20,0.9433302,216,261,1090,0
probLOGISTICS-12-1,  success, 72, 54,6.4692479,1444,702,9038,0
probLOGISTICS-13-0,  success, 79, 37,3.2187493,474,651,2806,0
probLOGISTICS-13-1,  success, 66, 32,3.9462905,558,897,3815,0
probLOGISTICS-14-0,  success, 63, 28,4.0116603,780,874,3698,0
probLOGISTICS-15-0,  success, 82, 41,3.3683191,522,659,3070,0
probLOGISTICS-4-0,  success, 20, 13,0.3777142,38,65,226,0
probLOGISTICS-5-0,  success, 27, 15,0.3900474,58,97,368,0
probLOGISTICS-6-0,  success, 25, 15,0.3915109,52,90,340,0
probLOGISTICS-7-0,  success, 38, 23,0.5859793,126,182,727,0
probLOGISTICS-8-0,  success, 34, 17,0.5851213,123,176,683,0
probLOGISTICS-8-1,  success, 48, 25,0.675333,147,236,961,0
probLOGISTICS-9-0,  success, 41, 23,0.6061565,132,206,796,0
probLOGISTICS-9-1,  success, 31, 16,0.5096355,93,136,551,0
p12,  success, 20, 12,1.3886536,150,364,1718,0
p13,  success, 46, 23,8.0104441,306,746,5267,0
p14,  success, 28, 22,644.7646425,1875,5021,27097,0
p15,  success, 45, 27,9.337234,276,798,4528,0
p16,  success, 45, 31,8.9400601,414,775,4228,0
p17,  success, 50, 33,467.6691424,3840,6960,41028,0
p18,  success, 48, 20,553.0363977,3935,5258,33900,0
p19,  success, 74, 45,1201.2557076,2985,7892,63029,0
p25,  success, 31, 19,93.2117164,1539,1247,8033,0
p26,  success, 59, 24,1547.8402519,12438,11567,60225,0
p05-pfile5,  success, 15, 15,0.8061474,32,216,2446,0
p06-pfile6,  success, 20, 13,19.566168,706,2832,33824,0
p07-pfile7,  success, 23, 13,190.4675796,3144,8943,118420,0
p08-pfile8,  success, 26, 19,188.1066996,1857,7878,129335,0
p11-pfile11,  success, 30, 12,313.8071295,1780,8504,177446,0
p21-HC-pfile1,  success, 71, 71,467.9123173,400,4093,182850,0
p01,  success, 32, 19,1.1852276,143,219,573,0
p01-1,  success, 20, 14,0.7021063,51,85,216,0
p02,  success, 159, 106,101.8874644,5550,8637,21085,0
p02-1,  success, 129, 96,630.2648525,23641,35979,92509,0
p03,  success, 11, 8,0.7213877,26,49,114,0
p03-1,  success, 11, 8,0.6264203,19,35,68,0
p05,  success, 55, 38,1004.185895,43326,50038,114241,0
p05-1,  success, 46, 30,19.0312644,1082,1180,3004,0
p06,  success, 30, 18,64.3781183,1967,2943,8099,0
p06-1,  success, 90, 53,333.560605,14888,14675,37145,0
p07,  success, 105, 65,161.2281898,7811,12142,31878,0
p07-1,  success, 47, 30,16.1507072,1432,1282,3246,0
p08-1,  success, 126, 92,271.0081901,14286,14561,34829,0
p01,  success, 10, 6,0.404832,51,69,49,0
p02,  success, 14, 8,0.4472759,180,217,138,0
p03,  success, 16, 10,0.4379117,165,181,114,0
p04,  success, 14, 8,0.4319795,140,158,119,0
p05,  success, 18, 10,0.5192912,228,255,164,0
p06,  success, 16, 10,0.6878398,282,309,215,0
p07,  success, 14, 8,0.6639309,324,365,254,0
p08,  success, 14, 9,0.7164909,204,225,238,0
p09,  success, 18, 10,0.6884697,240,274,289,0
p10,  success, 14, 9,0.6629312,216,239,257,0
p11,  success, 14, 9,0.5646542,180,205,217,0
p12,  success, 18, 11,0.7609895,324,344,306,0
p13,  success, 21, 11,0.7710737,486,554,462,0
p14,  success, 23, 13,0.8209622,364,369,367,0
p15,  success, 27, 15,0.9735189,528,541,481,0
p16,  success, 26, 14,1.123048,608,577,507,0
p17,  success, 34, 16,1.393331,1089,731,691,0
p18,  success, 34, 14,1.4914207,1134,857,743,0
p19,  success, 30, 13,1.6820503,1269,973,918,0
p20,  success, 33, 16,1.345504,873,774,711,0
p01,  success, 25, 21,0.697865,155,162,135,0
p03,  success, 25, 21,0.6409127,155,162,142,0
p01,  success, 6, 3,0.5106479,60,52,68,0
p02,  success, 17, 7,1.2344318,342,239,694,0
p03,  success, 29, 15,22.7792811,4620,2911,11540,0
p04,  success, 60, 28,65.8735594,7980,4910,30559,0
p05,  success, 46, 19,20.0114185,1440,787,7108,0
p06,  success, 52, 21,52.5988615,2454,1487,23842,0
p07,  success, 68, 30,827.4990425,12000,8519,79751,0
p08,  success, 75, 27,637.5061392,10002,5838,127226,0
p09,  success, 80, 28,248.6944654,3042,1830,60698,0
p10,  success, 100, 34,1409.9859384,10290,6548,112586,0
p11,  success, 5, 4,0.5210684,42,42,63,0
p12,  success, 15, 10,1.3856259,342,266,914,0
p13,  success, 29, 12,5.9722347,678,433,2131,0
p14,  success, 29, 15,11.1619846,726,487,6705,0
p15,  success, 47, 18,19.5438762,1158,791,7509,0
p16,  success, 52, 24,138.2665843,5046,3720,34603,0
p17,  success, 58, 23,70.2609778,2700,1183,24075,0
p18,  success, 67, 23,250.5586732,4950,2908,71341,0
p19,  success, 72, 24,170.6880966,3054,1872,45808,0
p20,  success, 92, 30,415.4533393,4272,2709,98741,0
pfile10,  success, 28, 28,1.1282339,48,103,828,0
pfile12,  success, 28, 19,16.8536163,228,695,5276,0
pfile13,  success, 36, 28,11.8060627,164,528,4322,0
pfile14,  success, 33, 18,337.5154835,988,2218,27406,0
pfile15,  success, 60, 34,1150.9284606,2288,3082,30219,0
pfile16,  success, 56, 44,387.0259359,780,1343,25637,0
pfile3,  success, 6, 6,0.3902687,4,12,73,0
pfile4,  success, 7, 7,0.4080604,6,15,73,0
pfile5,  success, 12, 12,0.8147932,14,103,638,0
pfile6,  success, 13, 13,0.7544213,15,98,683,0
pfile7,  success, 21, 11,0.7265845,35,96,451,0
pfile8,  success, 11, 11,1.2797919,42,115,938,0
pfile9,  success, 23, 23,0.9434014,36,74,499,0
