probBLOCKS-10-0,  success, 38, 34,12.3857121,4110,2292,6611,64324
probBLOCKS-10-1,  success, 56, 47,193.4349524,54726,25862,92921,981920
probBLOCKS-10-2,  success, 48, 43,25.5837168,8559,4958,15986,131936
probBLOCKS-11-0,  success, 30, 24,14.1741358,3843,2063,7311,61072
probBLOCKS-11-1,  success, 42, 32,34.3916431,9297,4956,19932,147924
probBLOCKS-11-2,  success, 46, 39,100.5029834,25698,13423,49022,422644
probBLOCKS-12-1,  success, 52, 42,28.6985926,5361,3091,11366,90080
probBLOCKS-13-1,  success, 56, 43,256.3209288,38733,19828,74452,671956
probBLOCKS-14-0,  success, 50, 45,200.1173796,27762,13231,47829,533896
probBLOCKS-14-1,  success, 50, 44,195.0677652,26292,13530,52165,431832
probBLOCKS-9-0,  success, 38, 29,32.5985745,14454,7774,26118,234236
probBLOCKS-9-1,  success, 40, 35,82.7233341,33105,16407,57304,547356
probBLOCKS-9-2,  success, 24, 19,4.075366,1620,958,2839,28728
pfile1,  success, 10, 4,0.4301934,68,72,87,1285
pfile10,  success, 29, 10,4.9317105,1463,998,1896,24128
pfile11,  success, 100, 37,221.9067063,27825,19086,35724,501456
pfile13,  success, 27, 9,4.0578803,658,534,991,11840
pfile14,  success, 39, 17,239.2732441,20951,16706,37608,334944
pfile16,  success, 34, 14,8.4241359,1309,977,2942,25512
pfile17,  success, 25, 13,13.3596033,609,457,1758,11280
pfile18,  success, 88, 38,216.7213029,6818,3812,14145,116152
pfile19,  success, 65, 34,73.9738505,8397,5336,18252,141150
pfile2,  success, 16, 6,0.7829726,376,332,465,7415
pfile3,  success, 33, 12,2.1340443,1176,807,1387,19925
pfile4,  success, 41, 22,7.3401057,2292,1927,3302,40215
pfile5,  success, 124, 54,183.3080878,34868,27506,45440,681375
pfile7,  success, 46, 28,104.8478057,30460,26637,45509,507535
pfile8,  success, 43, 22,13.5096231,1964,1592,3711,37355
pfile9,  success, 95, 46,293.8482518,19244,12688,33369,379090
pfile1,  success, 6, 6,0.3810548,2,13,26,282
pfile10,  success, 16, 16,0.9473216,20,41,233,408
pfile11,  success, 20, 20,1.375014,28,57,342,664
pfile12,  success, 33, 33,701.005038,12655,25324,139747,303296
pfile13,  success, 25, 23,4.5602155,50,89,681,1134
pfile14,  success, 30, 30,236.3222659,6996,10523,49498,142287
pfile15,  success, 35, 35,23.3737323,225,309,1372,3868
pfile17,  success, 83, 40,302.5486922,1192,891,6016,19425
pfile2,  success, 16, 12,1.1111079,439,882,2749,9926
pfile3,  success, 11, 11,0.4193452,13,27,95,268
pfile4,  success, 13, 8,0.4884731,32,46,158,510
pfile5,  success, 20, 20,31.8787889,10600,15913,47613,165210
pfile6,  success, 8, 4,0.5311422,24,39,118,645
pfile7,  success, 11, 11,0.5889203,28,43,135,450
pfile8,  success, 20, 16,172.231062,24026,36040,112805,395784
pfile9,  success, 26, 26,5.9857526,494,991,4339,10822
p01,  success, 18, 13,0.8320391,57,112,515,3480
p02,  success, 28, 23,1.3635384,171,252,1210,6632
p03,  success, 23, 14,1.2547653,132,184,948,4004
p04,  success, 40, 17,2.1480274,252,336,1775,8760
p05,  success, 31, 23,2.0435012,177,257,1312,6368
p06,  success, 42, 31,3.200227,267,421,2229,13672
p07,  success, 57, 29,4.5644399,432,529,2987,13592
p08,  success, 50, 26,4.6361486,393,476,2810,11280
p09,  success, 48, 27,4.8967926,351,481,2709,11980
p10,  success, 72, 43,6.8965764,501,615,3847,18004
p11,  success, 39, 28,7.6658708,261,444,3007,14768
p12,  success, 57, 29,10.9216611,330,538,3890,16916
p13,  success, 64, 41,15.6679118,378,535,4197,15088
p14,  success, 76, 42,29.2343809,549,779,5968,20416
p15,  success, 100, 45,40.6865243,780,1053,8167,31884
p16,  success, 86, 38,43.8117864,693,947,7592,22704
p17,  success, 99, 63,76.5901202,948,1327,10240,36992
p18,  success, 127, 58,158.412181,1932,2411,21562,68992
p19,  success, 150, 101,226.2999532,2628,3308,27735,91708
p20,  success, 103, 77,106.6932602,876,1239,10729,35348
probLOGISTICS-10-0,  success, 46, 21,1.0220872,196,291,1236,10095
probLOGISTICS-10-1,  success, 42, 20,0.9566768,188,255,1054,7170
probLOGISTICS-11-0,  success, 51, 25,0.9744191,216,307,1319,9555
probLOGISTICS-11-1,  success, 65, 54,5.7782705,1332,707,8594,24180
probLOGISTICS-12-0,  success, 42, 21,0.960913,184,261,1126,8285
probLOGISTICS-12-1,  success, 72, 54,5.9507549,1444,702,9038,26390
probLOGISTICS-13-0,  success, 78, 34,3.7311089,618,776,3406,28238
probLOGISTICS-13-1,  success, 65, 27,2.854752,414,554,2442,20139
probLOGISTICS-14-0,  success, 60, 27,2.3489732,408,491,2183,14567
probLOGISTICS-14-1,  success, 75, 30,2.7341015,510,626,2959,21798
probLOGISTICS-15-0,  success, 83, 42,3.5674822,660,791,3719,29393
probLOGISTICS-15-1,  success, 71, 40,2.7492376,516,640,2990,22540
probLOGISTICS-4-0,  success, 20, 13,0.3964645,38,65,226,1323
probLOGISTICS-5-0,  success, 27, 15,0.4644474,56,94,364,1977
probLOGISTICS-6-0,  success, 25, 15,0.4572188,52,90,348,1992
probLOGISTICS-7-0,  success, 36, 21,0.5770698,114,174,690,4500
probLOGISTICS-8-0,  success, 34, 17,0.5850116,114,164,643,4248
probLOGISTICS-8-1,  success, 48, 25,0.6279409,129,220,890,6032
probLOGISTICS-9-0,  success, 39, 22,0.6126118,123,182,756,5568
probLOGISTICS-9-1,  success, 31, 16,0.5490279,102,141,567,3520
p10,  success, 35, 17,1.1367779,162,245,1550,5640
p11,  success, 37, 32,1.1463914,126,210,1045,5364
p12,  success, 21, 18,0.7707966,51,106,597,3344
p13,  success, 48, 30,2.3263446,189,315,1620,9508
p14,  success, 31, 28,1.5096744,81,238,1269,7884
p15,  success, 41, 35,2.9166386,186,356,2116,9900
p16,  success, 49, 34,2.8589818,210,353,1930,10872
p17,  success, 51, 42,5.5113816,360,484,2690,16026
p18,  success, 46, 27,11.4880369,480,553,4111,21336
p19,  success, 71, 46,22.7032204,455,731,5698,32568
p20,  success, 92, 64,56.9292084,1239,1476,10163,63912
p21,  success, 65, 41,54.2217853,420,547,4284,23856
p22,  success, 74, 39,96.2884305,675,878,6461,38160
p23,  success, 77, 45,145.1351435,1211,1457,11161,65040
p24,  success, 119, 82,264.2802308,2541,3154,19940,160792
p25,  success, 32, 21,28.6997712,423,471,3366,14790
p26,  success, 57, 20,29.6049246,729,777,4871,38270
p27,  success, 95, 44,85.6975319,1440,1689,11349,90850
p28,  success, 73, 36,129.8856976,1008,1134,9647,50310
p29,  success, 58, 33,129.0161336,882,1012,8622,41090
p05-pfile5,  success, 18, 10,0.6275166,16,103,1173,2700
p06-pfile6,  success, 20, 11,0.6664083,22,119,1419,2811
p07-pfile7,  success, 21, 14,0.8279293,27,117,1546,3552
p08-pfile8,  success, 29, 11,2.0205272,51,299,4801,10304
p09-pfile9,  success, 31, 13,2.1358869,72,253,4067,10115
p10-pfile10,  success, 35, 14,2.3243795,84,253,3866,9995
p11-pfile11,  success, 34, 20,3.3907963,56,212,4432,8430
p12-pfile12,  success, 43, 22,8.6272902,104,376,9849,13555
p13-pfile13,  success, 59, 26,14.6653553,148,398,12481,13130
p14-pfile14,  success, 41, 19,14.4291475,150,638,16546,30384
p15-pfile15,  success, 46, 31,14.2429437,161,514,13605,31008
p16-pfile16,  success, 46, 21,33.4469216,477,1341,34977,91080
p18-pfile18,  success, 36, 15,10.3211687,92,463,12156,18900
p19-pfile19,  success, 65, 23,21.445324,216,659,18439,24450
p20-pfile20,  success, 94, 44,55.3474619,464,1541,44139,62960
p21-HC-pfile1,  success, 72, 72,43.158877,136,531,23424,18735
p22-HC-pfile2,  success, 97, 34,102.1231095,264,793,42977,26965
p23-HC-pfile3,  success, 101, 66,159.7081149,336,1066,58046,48496
p24-HC-pfile4,  success, 139, 88,671.3249247,792,2045,151196,92470
p25-HC-pfile5,  success, 123, 123,675.4503851,525,1649,122348,84648
p01,  success, 32, 19,1.2848489,141,223,576,4618
p01-1,  success, 22, 14,1.3235382,156,249,645,5272
p02,  success, 159, 106,103.0916057,5550,8637,21085,238768
p02-1,  success, 129, 96,635.0101888,23647,35985,92525,1148198
p03,  success, 11, 8,0.782218,26,49,114,638
p03-1,  success, 11, 8,0.6786931,19,35,68,454
p05-1,  success, 46, 30,18.8885855,1082,1180,3004,22944
p06,  success, 30, 18,65.3166288,1967,2943,8101,68968
p06-1,  success, 90, 53,325.7056759,14888,14675,37145,375099
p07,  success, 105, 65,161.5098707,7811,12142,31878,296054
p07-1,  success, 47, 30,15.5669017,1432,1282,3246,35922
p08-1,  success, 126, 92,260.5916715,14286,14561,34829,511797
p01,  success, 10, 6,0.4119684,60,76,56,1180
p02,  success, 14, 8,0.4903346,180,192,134,3402
p03,  success, 16, 10,0.513238,225,216,146,5118
p04,  success, 14, 8,0.4930373,185,180,149,3312
p05,  success, 18, 10,0.5596812,294,280,199,4984
p06,  success, 16, 10,0.6425972,474,393,313,7721
p07,  success, 14, 8,0.5963429,324,365,254,3934
p08,  success, 14, 9,0.6435414,204,225,238,2814
p09,  success, 18, 10,0.6273069,240,274,289,3220
p10,  success, 14, 9,0.6137645,216,239,257,2933
p11,  success, 14, 9,0.5343646,180,205,217,2448
p12,  success, 18, 11,0.6359029,330,351,313,5138
p13,  success, 21, 11,0.6776985,426,484,411,6349
p14,  success, 23, 13,0.7274387,364,369,367,4944
p15,  success, 27, 15,0.842387,528,541,481,6912
p16,  success, 26, 14,0.9010111,608,577,507,7911
p17,  success, 34, 16,1.1336659,1089,731,691,13330
p18,  success, 28, 13,1.2274955,1026,787,716,17060
p19,  success, 30, 13,1.3353606,1269,973,918,15830
p20,  success, 33, 16,1.0724317,873,774,711,10380
p01,  success, 25, 21,0.5840758,155,162,135,2856
p03,  success, 25, 21,0.6179974,155,162,142,2856
p01,  success, 6, 3,0.5661066,72,55,72,1288
p02,  success, 17, 7,1.2454944,354,241,699,3661
p03,  success, 29, 15,21.1611201,4626,2914,11550,44016
p04,  success, 60, 28,60.6027687,7992,4912,30570,76538
p05,  success, 46, 19,19.7705272,1440,787,7108,14672
p06,  success, 52, 21,51.0351116,2454,1487,23842,26390
p07,  success, 68, 30,825.9579142,12048,8528,80113,119315
p08,  success, 75, 27,606.5378002,10014,5841,127250,100065
p09,  success, 80, 28,224.5817482,3042,1830,60698,33068
p10,  success, 100, 34,1197.6401862,10290,6548,112586,103572
p11,  success, 5, 4,0.5515578,42,42,63,819
p12,  success, 15, 10,1.4038544,348,268,919,3997
p13,  success, 28, 10,4.95976,546,391,2488,6244
p14,  success, 32, 12,11.3841768,786,534,6634,8043
p15,  success, 47, 18,17.7946398,1170,794,7523,13762
p16,  success, 52, 24,138.2769838,5046,3720,34603,46487
p17,  success, 58, 23,61.7378778,2700,1183,24075,30191
p18,  success, 67, 23,234.6482523,4950,2908,71341,50442
p19,  success, 72, 24,157.8904396,3054,1872,45808,32536
p20,  success, 92, 30,379.7657396,4272,2709,98741,45731
pfile10,  success, 22, 17,0.8754366,38,70,652,1080
pfile12,  success, 23, 10,1.2558244,46,94,902,2064
pfile13,  success, 29, 26,1.4626481,58,110,943,2304
pfile14,  success, 31, 14,8.2766849,156,237,3558,6805
pfile15,  success, 45, 40,38.2512806,400,617,4954,19800
pfile16,  success, 43, 12,28.3969359,148,276,6271,8330
pfile17,  success, 64, 33,117.2479592,496,746,9118,21575
pfile18,  success, 70, 28,255.4198503,628,1201,13308,50680
pfile19,  success, 81, 73,514.0978875,996,1506,18786,49205
pfile20,  success, 99, 38,1069.815989,1376,2501,33381,90150
pfile21,  success, 117, 84,1276.0932703,2028,2536,26391,69370
pfile3,  success, 6, 6,0.4629798,5,15,93,206
pfile4,  success, 8, 8,0.4976093,10,29,126,516
pfile5,  success, 13, 13,0.5512005,10,37,168,600
pfile6,  success, 13, 10,0.5786865,9,31,245,448
pfile7,  success, 16, 13,0.6297129,17,39,171,686
pfile8,  success, 12, 7,0.9701156,30,46,289,1170
pfile9,  success, 23, 9,1.1396244,58,109,681,2427
