probBLOCKS-10-0,  success, 38, 34,12.5228156,4338,2444,6955,67320
probBLOCKS-10-1,  success, 60, 47,109.8861171,33261,17719,60207,522908
probBLOCKS-10-2,  success, 48, 43,24.555292,8505,4910,15918,128964
probBLOCKS-11-0,  success, 30, 24,13.6776678,3825,2039,7251,59728
probBLOCKS-11-1,  success, 42, 32,33.3485327,9291,4948,19904,147604
probBLOCKS-11-2,  success, 46, 39,98.7519774,25698,13423,49022,422644
probBLOCKS-12-1,  success, 46, 37,44.8254798,9219,4766,16606,146316
probBLOCKS-13-1,  success, 56, 45,266.8022229,38667,19796,74338,669944
probBLOCKS-14-0,  success, 50, 45,199.9610554,27696,13147,47613,528724
probBLOCKS-14-1,  success, 50, 44,194.494225,26262,13498,52025,430296
probBLOCKS-9-0,  success, 38, 29,31.181301,14175,7598,25736,224884
probBLOCKS-9-1,  success, 40, 35,80.6191844,33102,16403,57299,547116
probBLOCKS-9-2,  success, 24, 19,3.6170099,1554,886,2720,24680
pfile1,  success, 10, 4,0.4175041,68,72,87,1285
pfile10,  success, 29, 10,4.7920581,1463,998,1896,24128
pfile11,  success, 100, 37,211.5394757,27468,18814,35249,463936
pfile13,  success, 27, 9,4.0532105,658,534,991,11840
pfile14,  success, 39, 17,236.8959685,20951,16706,37608,334944
pfile16,  success, 34, 16,7.8082472,1141,937,2940,20080
pfile17,  success, 25, 13,13.7642216,602,457,1761,10576
pfile18,  success, 88, 38,213.0598477,6818,3812,14145,116152
pfile19,  success, 65, 34,70.9490727,8235,5236,17902,128150
pfile2,  success, 16, 6,0.7311032,360,317,444,6295
pfile3,  success, 33, 12,2.3681667,1176,807,1387,19925
pfile4,  success, 41, 22,6.7739129,2216,1857,3195,36315
pfile5,  success, 124, 54,179.7954651,34852,27491,45417,679935
pfile7,  success, 46, 28,102.6509182,30460,26637,45509,507535
pfile8,  success, 43, 22,12.685398,1876,1507,3529,31085
pfile9,  success, 95, 46,287.5934779,19240,12668,33328,377260
pfile1,  success, 6, 6,0.3674591,2,9,17,186
pfile10,  success, 16, 16,1.0627327,20,41,233,408
pfile11,  success, 20, 20,1.3524917,28,57,342,664
pfile12,  success, 30, 19,673.2036695,12407,24815,137236,296738
pfile13,  success, 25, 23,4.4159551,50,89,681,1134
pfile14,  success, 30, 30,230.5823769,6996,10516,49484,141972
pfile15,  success, 35, 35,22.7122153,225,305,1364,3612
pfile17,  success, 83, 40,297.8422025,1192,891,6016,19425
pfile2,  success, 14, 12,1.0940741,452,902,2835,10126
pfile3,  success, 11, 11,0.4453436,13,27,95,268
pfile4,  success, 13, 8,0.4505731,32,46,158,510
pfile5,  success, 18, 14,7.5651218,3534,5308,15737,55419
pfile6,  success, 8, 4,0.504679,24,37,113,549
pfile7,  success, 11, 11,0.5728753,28,43,135,450
pfile8,  success, 21, 21,715.8498615,60180,90273,281566,984408
pfile9,  success, 19, 13,6.0895994,516,1032,4568,11250
p01,  success, 18, 13,0.8181496,48,91,423,2504
p02,  success, 28, 22,1.3261209,159,239,1142,6052
p03,  success, 23, 14,1.1704948,123,178,920,3764
p04,  success, 40, 17,2.0555712,249,335,1770,8604
p05,  success, 31, 23,1.8814252,147,226,1148,4924
p06,  success, 42, 27,2.8194877,213,374,1957,11600
p07,  success, 57, 29,4.6151671,450,553,3112,14172
p08,  success, 50, 26,4.4904221,393,476,2810,11280
p09,  success, 48, 27,4.6129227,342,470,2646,11200
p10,  success, 72, 43,6.7071266,498,612,3834,17836
p11,  success, 39, 28,6.2667771,180,332,2480,9048
p12,  success, 61, 44,10.8762018,306,526,3936,15956
p13,  success, 64, 41,14.8708332,342,515,4082,14048
p14,  success, 76, 42,28.7895895,549,779,5968,20416
p15,  success, 100, 45,39.2793217,708,1025,8002,30364
p16,  success, 86, 38,43.2746946,693,947,7592,22704
p17,  success, 99, 63,72.9877739,873,1285,10012,34984
p18,  success, 122, 71,115.1351897,1419,1735,14822,49776
p19,  success, 139, 89,158.2295323,1860,2271,19601,66060
p20,  success, 103, 77,105.7820652,840,1239,10756,35092
probLOGISTICS-10-0,  success, 46, 21,1.030173,196,291,1236,10095
probLOGISTICS-10-1,  success, 42, 20,1.0448565,188,255,1054,7170
probLOGISTICS-11-0,  success, 51, 25,0.9806819,216,307,1319,9555
probLOGISTICS-11-1,  success, 65, 54,5.66557,1332,707,8594,24180
probLOGISTICS-12-0,  success, 42, 21,0.9225216,184,261,1126,8285
probLOGISTICS-12-1,  success, 72, 54,5.805046,1444,702,9038,26390
probLOGISTICS-13-0,  success, 78, 34,3.7446697,618,772,3390,27804
probLOGISTICS-13-1,  success, 65, 27,2.7221899,414,549,2422,19607
probLOGISTICS-14-0,  success, 60, 27,2.4303425,408,487,2166,14154
probLOGISTICS-14-1,  success, 75, 30,2.6040307,510,623,2946,21462
probLOGISTICS-15-0,  success, 83, 42,3.5176464,660,789,3711,29169
probLOGISTICS-15-1,  success, 71, 40,2.6736777,516,638,2982,22316
probLOGISTICS-4-0,  success, 20, 13,0.4071408,38,65,226,1323
probLOGISTICS-5-0,  success, 27, 15,0.4010611,56,94,364,1977
probLOGISTICS-6-0,  success, 25, 15,0.3929527,52,90,348,1992
probLOGISTICS-7-0,  success, 36, 21,0.5780592,114,174,690,4500
probLOGISTICS-8-0,  success, 34, 17,0.5645323,114,164,643,4248
probLOGISTICS-8-1,  success, 48, 25,0.6347,129,220,890,6032
probLOGISTICS-9-0,  success, 39, 22,0.5889213,123,182,756,5568
probLOGISTICS-9-1,  success, 31, 16,0.5181833,102,141,567,3520
p10,  success, 35, 17,1.0737147,162,245,1550,5640
p11,  success, 37, 32,1.0865829,126,199,1015,4776
p12,  success, 21, 18,0.7931549,51,104,593,3256
p13,  success, 48, 33,2.1288868,174,288,1458,8088
p14,  success, 31, 28,1.2177205,78,172,1005,4644
p15,  success, 42, 30,2.9042071,156,320,1743,8732
p16,  success, 44, 30,2.2808866,162,288,1635,8404
p17,  success, 51, 42,4.8459121,265,402,2286,12186
p18,  success, 45, 32,7.9980426,245,395,3067,14064
p19,  success, 71, 46,22.3142463,455,731,5698,32568
p20,  success, 92, 64,55.2345761,1162,1438,9927,61032
p21,  success, 65, 41,50.810861,335,522,4069,21972
p22,  success, 74, 39,91.3161171,570,831,6040,36210
p23,  success, 81, 49,142.2539415,1127,1456,10794,64400
p24,  success, 116, 80,227.3105974,2016,2685,18878,152056
p25,  success, 30, 16,30.2114462,477,526,3804,15870
p26,  success, 56, 25,32.2996552,765,892,5834,39540
p27,  success, 95, 44,83.9883704,1440,1679,11251,89520
p28,  success, 73, 36,126.9597801,1008,1125,9500,49010
p29,  success, 58, 33,125.1634138,846,996,8504,40020
p05-pfile5,  success, 15, 15,0.5281217,12,39,456,762
p06-pfile6,  success, 20, 11,0.635521,22,85,1037,1875
p07-pfile7,  success, 21, 14,0.6835057,27,77,1022,2044
p08-pfile8,  success, 27, 17,1.150145,39,115,1888,3364
p09-pfile9,  success, 31, 13,1.6779228,72,162,2638,5485
p10-pfile10,  success, 36, 14,1.9024672,76,182,3040,6525
p11-pfile11,  success, 34, 20,2.6138377,56,134,2850,4380
p12-pfile12,  success, 43, 22,5.9916931,104,219,5808,6060
p13-pfile13,  success, 59, 26,12.5492878,148,314,9876,9090
p14-pfile14,  success, 39, 21,6.9385497,100,219,5742,7848
p15-pfile15,  success, 46, 31,9.4212868,161,273,7216,10672
p16-pfile16,  success, 49, 31,14.2195115,216,380,9996,18850
p18-pfile18,  success, 36, 15,6.0776977,92,215,5713,7010
p19-pfile19,  success, 65, 19,14.4427027,192,428,11744,14580
p20-pfile20,  success, 95, 39,737.0901352,1412,18106,500492,907655
p21-HC-pfile1,  success, 72, 72,28.9970465,136,243,10752,4995
p22-HC-pfile2,  success, 97, 34,80.5648713,264,546,29576,15125
p23-HC-pfile3,  success, 101, 66,115.6571682,366,612,33211,18760
p24-HC-pfile4,  success, 135, 135,385.6113572,396,634,47136,15295
p25-HC-pfile5,  success, 123, 123,450.463127,420,615,45724,14440
p01,  success, 32, 19,1.2111726,143,219,573,4374
p01-1,  success, 20, 14,0.7219369,51,85,216,1328
p02,  success, 159, 106,102.1553298,5550,8637,21085,238768
p02-1,  success, 129, 96,654.8939855,23641,35979,92509,1147824
p03,  success, 11, 8,0.7662296,26,49,114,638
p03-1,  success, 11, 8,0.6686888,19,35,68,454
p05,  success, 55, 38,1212.4911998,43326,50038,114241,1016433
p05-1,  success, 46, 30,18.6217263,1082,1180,3004,22944
p06,  success, 30, 18,64.3985899,1967,2943,8101,68968
p06-1,  success, 90, 53,322.8822049,14888,14675,37145,375099
p07,  success, 105, 65,158.8509276,7811,12142,31878,296054
p07-1,  success, 47, 30,15.1601584,1432,1282,3246,35922
p08-1,  success, 126, 92,258.3630039,14286,14561,34829,511797
p01,  success, 10, 6,0.430519,51,69,49,816
p02,  success, 14, 8,0.4761453,180,217,138,2544
p03,  success, 16, 10,0.4401641,165,181,114,2358
p04,  success, 14, 8,0.4538608,140,158,119,1986
p05,  success, 18, 10,0.5044039,228,255,164,3122
p06,  success, 16, 10,0.555014,282,309,215,3598
p07,  success, 14, 8,0.5575311,324,365,254,3934
p08,  success, 14, 9,0.608428,204,225,238,2814
p09,  success, 18, 10,0.6049333,240,274,289,3220
p10,  success, 14, 9,0.6055636,216,239,257,2933
p11,  success, 14, 9,0.5065954,180,205,217,2448
p12,  success, 18, 11,0.5876903,324,344,306,4438
p13,  success, 21, 11,0.6583408,486,554,462,6433
p14,  success, 23, 13,0.7147279,364,369,367,4944
p15,  success, 27, 15,0.8049718,528,541,481,6912
p16,  success, 26, 14,0.908721,608,577,507,7911
p17,  success, 34, 16,1.0850565,1089,731,691,13330
p18,  success, 34, 14,1.2308976,1134,857,743,14160
p19,  success, 30, 13,1.3544402,1269,973,918,15830
p20,  success, 33, 16,1.0267262,873,774,711,10380
p01,  success, 25, 21,0.5697024,155,162,135,2856
p03,  success, 25, 21,1.3218786,155,162,142,2856
p01,  success, 6, 3,0.5853988,60,52,68,1078
p02,  success, 17, 7,1.1783098,342,239,694,3535
p03,  success, 29, 15,19.4507425,4620,2911,11540,43827
p04,  success, 60, 28,55.2697659,7980,4910,30559,76398
p05,  success, 46, 19,18.1589254,1440,787,7108,14672
p06,  success, 52, 21,46.9371476,2454,1487,23842,26390
p07,  success, 68, 30,741.6743369,12000,8519,79751,118755
p08,  success, 75, 27,548.1106346,10002,5838,127226,99876
p09,  success, 80, 28,205.1937303,3042,1830,60698,33068
p10,  success, 100, 34,1600.4258336,10290,6548,112586,103572
p11,  success, 5, 4,0.4858008,42,42,63,819
p12,  success, 15, 10,1.3025089,342,266,914,3871
p13,  success, 29, 12,5.0103643,678,433,2131,8113
p14,  success, 29, 15,10.3062723,726,487,6705,7371
p15,  success, 47, 18,16.9863062,1158,791,7509,13552
p16,  success, 52, 24,128.9977915,5046,3720,34603,46487
p17,  success, 58, 23,56.8853602,2700,1183,24075,30191
p18,  success, 67, 23,214.720629,4950,2908,71341,50442
p19,  success, 72, 24,145.0212664,3054,1872,45808,32536
p20,  success, 92, 30,351.1710569,4272,2709,98741,45731
pfile10,  success, 22, 17,0.7841155,34,64,621,894
pfile12,  success, 23, 17,1.1491317,38,96,780,2007
pfile13,  success, 30, 30,1.5491305,42,120,1003,2568
pfile14,  success, 31, 14,6.762952,108,204,3174,5600
pfile15,  success, 47, 24,26.2277488,264,448,3794,12360
pfile16,  success, 43, 12,26.051628,148,276,6271,8330
pfile17,  success, 64, 33,103.744899,488,717,8873,20030
pfile18,  success, 71, 49,189.5849755,368,960,13862,36210
pfile19,  success, 81, 73,392.6153663,788,1250,16666,37510
pfile20,  success, 101, 66,488.4450739,348,1188,22312,47720
pfile21,  success, 111, 84,1303.6245189,800,2734,41063,110095
pfile22,  success, 115, 82,1227.6694122,432,1794,35718,75940
pfile3,  success, 6, 6,0.3698146,4,12,73,152
pfile4,  success, 8, 8,0.4003134,4,16,75,248
pfile5,  success, 13, 13,0.4499031,8,27,140,392
pfile6,  success, 13, 10,0.4470933,9,31,245,448
pfile7,  success, 16, 13,0.4789241,8,30,131,484
pfile8,  success, 13, 13,0.6480928,12,40,321,933
pfile9,  success, 25, 25,0.8177546,28,83,660,1713
