probBLOCKS-10-0,  success, 38, 34,14.0417002,4110,2292,6611,0
probBLOCKS-10-1,  success, 56, 47,260.6645201,54726,25862,92921,0
probBLOCKS-10-2,  success, 48, 43,30.6291879,8559,4958,15986,0
probBLOCKS-11-0,  success, 30, 24,17.5378516,3843,2063,7311,0
probBLOCKS-11-1,  success, 42, 32,43.1056862,9297,4956,19932,0
probBLOCKS-11-2,  success, 46, 39,127.8901652,25698,13423,49022,0
probBLOCKS-12-1,  success, 52, 42,34.5777633,5361,3091,11366,0
probBLOCKS-13-1,  success, 56, 43,314.3721287,38733,19828,74452,0
probBLOCKS-14-0,  success, 50, 45,262.8439491,27762,13231,47829,0
probBLOCKS-14-1,  success, 50, 44,229.2412651,26292,13530,52165,0
probBLOCKS-9-0,  success, 38, 29,42.1874696,14454,7774,26118,0
probBLOCKS-9-1,  success, 40, 35,103.8638515,33105,16407,57304,0
probBLOCKS-9-2,  success, 24, 19,5.2111533,1620,958,2839,0
pfile1,  success, 10, 4,0.4002217,68,72,87,0
pfile10,  success, 29, 10,6.1289033,1463,998,1896,0
pfile11,  success, 100, 37,307.5416349,27825,19086,35724,0
pfile13,  success, 27, 9,4.838499,658,534,991,0
pfile14,  success, 39, 17,287.6407399,20951,16706,37608,0
pfile16,  success, 34, 14,10.3455667,1309,977,2942,0
pfile17,  success, 25, 13,14.9907374,609,457,1758,0
pfile18,  success, 88, 38,281.7847718,6818,3812,14145,0
pfile19,  success, 65, 34,97.7254342,8397,5336,18252,0
pfile2,  success, 16, 6,0.7857533,376,332,465,0
pfile3,  success, 33, 12,2.4583397,1176,807,1387,0
pfile4,  success, 41, 22,8.1678142,2292,1927,3302,0
pfile5,  success, 124, 54,226.2820988,34868,27506,45440,0
pfile7,  success, 46, 28,112.2692931,30460,26637,45509,0
pfile8,  success, 43, 22,14.7922038,1964,1592,3711,0
pfile9,  success, 95, 46,362.075855,19244,12688,33369,0
pfile1,  success, 6, 6,0.3466761,2,13,26,0
pfile10,  success, 16, 16,0.8804404,20,41,233,0
pfile11,  success, 24, 17,1.3720231,35,65,355,0
pfile12,  success, 32, 25,3.7469745,68,121,748,0
pfile13,  success, 25, 23,4.2721786,50,89,668,0
pfile14,  success, 33, 20,5.2267454,158,187,1111,0
pfile15,  success, 41, 33,21.6679109,222,281,1382,0
pfile16,  success, 66, 41,173.3947681,1100,930,4764,0
pfile17,  success, 81, 51,319.5275599,968,943,4936,0
pfile2,  success, 14, 12,0.4510797,20,35,141,0
pfile3,  success, 11, 11,0.4665545,13,27,95,0
pfile4,  success, 15, 10,0.5023844,48,55,184,0
pfile5,  success, 19, 11,0.5670259,60,77,281,0
pfile6,  success, 9, 5,0.5370358,22,34,97,0
pfile7,  success, 14, 10,0.6553185,36,55,214,0
pfile8,  success, 23, 15,0.7831163,66,84,349,0
pfile9,  success, 21, 17,0.9707468,31,71,341,0
p01,  success, 18, 13,0.7964937,42,84,383,0
p02,  success, 24, 15,1.0916178,72,140,689,0
p03,  success, 25, 16,1.2527391,126,181,914,0
p04,  success, 38, 18,2.3410874,243,340,1781,0
p05,  success, 36, 24,3.1027721,285,407,2113,0
p06,  success, 46, 22,3.3834471,285,405,2103,0
p07,  success, 59, 32,6.9401935,528,757,3947,0
p08,  success, 50, 25,5.0956667,351,484,2884,0
p09,  success, 51, 36,4.9751876,237,461,2603,0
p10,  success, 78, 39,13.8968707,846,1185,6835,0
p11,  success, 42, 32,12.683919,336,763,5069,0
p12,  success, 62, 34,30.2507537,1149,1506,10824,0
p13,  success, 66, 51,22.4356916,444,756,5638,0
p14,  success, 83, 50,60.2883411,1062,1547,11775,0
p15,  success, 102, 47,64.4439336,1038,1612,11756,0
p16,  success, 91, 43,77.9545588,1260,1843,14441,0
p17,  success, 101, 52,105.8658545,1323,1831,14791,0
p18,  success, 123, 86,332.3130758,3663,4996,41409,0
p19,  success, 139, 81,449.3846662,5049,6200,58014,0
p20,  success, 119, 66,382.393356,3312,4587,39694,0
probLOGISTICS-10-0,  success, 46, 21,1.0167381,224,306,1256,0
probLOGISTICS-10-1,  success, 42, 20,0.8631081,176,250,1009,0
probLOGISTICS-11-0,  success, 51, 25,0.9316137,224,297,1222,0
probLOGISTICS-11-1,  success, 65, 54,6.2899713,1332,707,8594,0
probLOGISTICS-12-0,  success, 43, 20,0.9543032,216,261,1090,0
probLOGISTICS-12-1,  success, 72, 54,6.5465604,1444,702,9038,0
probLOGISTICS-13-0,  success, 82, 27,4.0187616,708,864,3773,0
probLOGISTICS-13-1,  success, 66, 25,2.833725,456,580,2547,0
probLOGISTICS-14-0,  success, 61, 28,2.6044522,546,568,2460,0
probLOGISTICS-14-1,  success, 79, 32,3.0649122,546,678,3105,0
probLOGISTICS-15-0,  success, 83, 42,3.498883,642,770,3569,0
probLOGISTICS-15-1,  success, 71, 37,2.7960319,552,631,2856,0
probLOGISTICS-4-0,  success, 20, 13,0.4029181,38,65,226,0
probLOGISTICS-5-0,  success, 27, 15,0.4060955,58,97,368,0
probLOGISTICS-6-0,  success, 25, 15,0.4003654,52,90,340,0
probLOGISTICS-7-0,  success, 38, 23,0.5810548,126,182,727,0
probLOGISTICS-8-0,  success, 34, 17,0.5745043,123,176,683,0
probLOGISTICS-8-1,  success, 48, 25,0.6307588,147,236,961,0
probLOGISTICS-9-0,  success, 41, 23,0.5840774,132,206,796,0
probLOGISTICS-9-1,  success, 31, 16,0.5331947,93,136,551,0
p10,  success, 37, 26,1.0432179,147,221,1403,0
p11,  success, 35, 30,1.2327396,153,238,1265,0
p12,  success, 22, 12,0.7394454,60,117,532,0
p13,  success, 50, 36,2.5040746,177,343,2137,0
p14,  success, 30, 25,1.453609,90,234,1228,0
p15,  success, 43, 37,3.1422686,171,385,2332,0
p16,  success, 52, 27,3.4018953,213,428,2244,0
p17,  success, 55, 31,8.9392223,475,813,4411,0
p18,  success, 52, 24,10.0720744,340,486,3497,0
p19,  success, 78, 49,29.8769702,610,951,7037,0
p20,  success, 108, 84,97.5463603,1631,2497,16474,0
p21,  success, 71, 49,93.3501243,620,967,7109,0
p22,  success, 84, 38,128.9478033,600,1141,9694,0
p23,  success, 95, 45,320.169821,2359,3153,22298,0
p24,  success, 126, 72,318.9805698,2639,3666,24830,0
p25,  success, 34, 12,32.9083956,423,531,3781,0
p26,  success, 82, 38,57.4620303,1233,1743,9551,0
p27,  success, 106, 62,109.3930144,1656,2222,14042,0
p28,  success, 90, 55,232.8197458,1719,2041,16363,0
p29,  success, 78, 37,237.0801541,1566,1891,15767,0
p05-pfile5,  success, 15, 15,0.585171,12,94,1070,0
p06-pfile6,  success, 25, 16,0.716043,30,167,1994,0
p07-pfile7,  success, 21, 14,0.8854492,39,153,2036,0
p08-pfile8,  success, 27, 19,2.5336479,84,433,7015,0
p09-pfile9,  success, 37, 23,2.8860894,108,441,7116,0
p10-pfile10,  success, 43, 30,3.3532516,80,462,7232,0
p11-pfile11,  success, 41, 24,6.0580086,128,532,11157,0
p12-pfile12,  success, 53, 37,14.9506853,164,761,19922,0
p13-pfile13,  success, 64, 29,24.3993962,220,666,20889,0
p14-pfile14,  success, 49, 32,22.9276492,220,1189,31077,0
p15-pfile15,  success, 48, 31,23.1038141,322,1001,26507,0
p16-pfile16,  success, 54, 43,62.4148382,369,3391,88440,0
p18-pfile18,  success, 47, 38,23.3637471,196,1316,34531,0
p19-pfile19,  success, 86, 48,54.9858078,140,2036,55851,0
p20-pfile20,  success, 88, 40,90.8042069,688,2616,74026,0
p21-HC-pfile1,  success, 77, 77,74.3676028,136,1066,46682,0
p22-HC-pfile2,  success, 98, 64,194.3031159,308,1272,68615,0
p23-HC-pfile3,  success, 110, 75,356.257822,528,2374,129104,0
p25-HC-pfile5,  success, 123, 123,1000.7387761,420,1649,122388,0
p01,  success, 32, 19,1.2537404,141,223,576,0
p01-1,  success, 22, 14,1.2853727,156,249,645,0
p02,  success, 159, 106,109.2188007,5550,8637,21085,0
p02-1,  success, 129, 96,687.4464551,23647,35985,92525,0
p03,  success, 11, 8,0.7309866,26,49,114,0
p03-1,  success, 11, 8,0.633672,19,35,68,0
p05-1,  success, 46, 30,18.6440687,1082,1180,3004,0
p06,  success, 30, 18,63.3091324,1967,2943,8099,0
p06-1,  success, 90, 53,339.9267527,14888,14675,37145,0
p07,  success, 105, 65,165.9921229,7811,12142,31878,0
p07-1,  success, 47, 30,15.8641274,1432,1282,3246,0
p08-1,  success, 126, 92,255.8618626,14286,14561,34829,0
p01,  success, 10, 6,0.3499822,60,76,56,0
p02,  success, 14, 8,0.4189966,180,192,134,0
p03,  success, 16, 10,0.4422432,225,216,146,0
p04,  success, 14, 8,0.4395355,185,180,149,0
p05,  success, 18, 10,0.4992389,294,280,199,0
p06,  success, 16, 10,0.5825443,474,393,313,0
p07,  success, 14, 8,0.5401256,324,365,254,0
p08,  success, 14, 9,0.5702328,204,225,238,0
p09,  success, 18, 10,0.5865713,240,274,289,0
p10,  success, 14, 9,0.5732974,216,239,257,0
p11,  success, 14, 9,0.4747264,180,205,217,0
p12,  success, 18, 11,0.5899694,330,351,313,0
p13,  success, 21, 11,0.6204262,426,484,411,0
p14,  success, 23, 13,0.6829866,364,369,367,0
p15,  success, 27, 15,0.8326536,528,541,481,0
p16,  success, 26, 14,0.8969434,608,577,507,0
p17,  success, 34, 16,1.1798538,1089,731,691,0
p18,  success, 28, 13,1.183471,1026,787,716,0
p19,  success, 30, 13,1.4147206,1269,973,918,0
p20,  success, 33, 16,1.0665178,873,774,711,0
p01,  success, 25, 21,0.5253336,155,162,135,0
p03,  success, 25, 21,0.5596258,155,162,142,0
p01,  success, 6, 3,0.4660536,72,55,72,0
p02,  success, 17, 7,1.1627103,354,241,699,0
p03,  success, 29, 15,20.4995291,4626,2914,11550,0
p04,  success, 60, 28,59.2520831,7992,4912,30570,0
p05,  success, 46, 19,19.8114148,1440,787,7108,0
p06,  success, 52, 21,50.9968919,2454,1487,23842,0
p07,  success, 68, 30,762.865658,12048,8528,80113,0
p08,  success, 75, 27,574.562909,10014,5841,127250,0
p09,  success, 80, 28,230.9160051,3042,1830,60698,0
p10,  success, 100, 34,1022.9136013,10290,6548,112586,0
p11,  success, 5, 4,0.4626744,42,42,63,0
p12,  success, 15, 10,1.3312713,348,268,919,0
p13,  success, 28, 10,4.8168553,546,391,2488,0
p14,  success, 32, 12,11.2541727,786,534,6634,0
p15,  success, 47, 18,18.5820385,1170,794,7523,0
p16,  success, 52, 24,135.2084903,5046,3720,34603,0
p17,  success, 58, 23,67.6847638,2700,1183,24075,0
p18,  success, 67, 23,243.1267203,4950,2908,71341,0
p19,  success, 72, 24,166.0099115,3054,1872,45808,0
p20,  success, 92, 30,412.6572957,4272,2709,98741,0
pfile10,  success, 27, 18,1.0380116,46,109,784,0
pfile12,  success, 28, 25,1.7392361,60,169,1304,0
pfile13,  success, 32, 32,2.0995283,48,202,1976,0
pfile14,  success, 35, 26,17.0372595,304,341,5281,0
pfile15,  success, 49, 46,46.8775704,300,586,5290,0
pfile16,  success, 52, 34,92.5836655,588,556,10476,0
pfile17,  success, 67, 35,142.5138733,372,621,10563,0
pfile18,  success, 79, 63,377.0944615,696,1186,21688,0
pfile19,  success, 87, 57,669.5277416,908,1066,17687,0
pfile20,  success, 125, 64,1493.4036366,788,2596,67116,0
pfile3,  success, 6, 6,0.3847028,4,15,92,0
pfile4,  success, 8, 8,0.4089043,10,29,126,0
pfile5,  success, 13, 13,0.4731593,10,37,168,0
pfile6,  success, 13, 10,0.4594954,11,31,248,0
pfile7,  success, 18, 11,0.5187459,13,43,169,0
pfile8,  success, 15, 10,0.8170798,46,64,522,0
pfile9,  success, 26, 16,0.8907328,38,82,610,0
