probBLOCKS-10-0,  success, 28, 26,1.4551182,2.2556511,84,37,138,0
probBLOCKS-10-1,  success, 32, 28,1.5107862,2.2843039,96,49,185,0
probBLOCKS-10-2,  success, 30, 26,1.4266111,2.1511393,90,45,141,0
probBLOCKS-11-0,  success, 26, 23,1.4322622,2.2773557,78,41,138,0
probBLOCKS-11-1,  success, 38, 36,4.7550436,5.637498,114,48,198,0
probBLOCKS-11-2,  success, 26, 21,1.4708159,2.2838527,78,40,128,0
probBLOCKS-12-1,  success, 26, 22,1.3543187,2.3526983,78,37,117,0
probBLOCKS-13-1,  success, 40, 38,2.301338,3.4261832,120,49,245,0
probBLOCKS-14-0,  success, 28, 22,1.8347661,3.1442903,84,45,165,0
probBLOCKS-14-1,  success, 34, 28,1.9520851,6.2170193,102,56,243,0
probBLOCKS-9-0,  success, 40, 36,4.3600113,4.9664469,120,59,216,0
probBLOCKS-9-1,  success, 24, 20,1.3400941,1.9492867,72,41,99,0
probBLOCKS-9-2,  success, 20, 18,1.2733637,1.8763088,60,29,95,0
pfile1,  success, 10, 4,1.1574711,1.4732544,40,16,26,0
pfile10,  success, 29, 11,8.5644824,17.7188976,203,45,140,0
pfile11,  success, 63, 29,2.5246481,12.7769418,441,109,328,0
pfile13,  success, 26, 8,1.3859249,4.922329,182,48,133,0
pfile14,  success, 37, 24,2.1109108,13.6524981,259,58,194,0
pfile16,  success, 30, 11,1.5908923,11.3732996,210,54,222,0
pfile17,  success, 36, 20,3.3948521,15.5807605,252,61,329,0
pfile19,  success, 47, 17,2.2835828,17.5202471,423,80,424,0
pfile2,  success, 15, 6,0.9955569,1.385187,60,25,47,0
pfile3,  success, 37, 15,1.1805184,5.6890273,148,63,132,0
pfile4,  success, 67, 30,7.1328204,19.5170051,268,109,226,0
pfile5,  success, 75, 37,2.4266484,8.029097,300,116,272,0
pfile7,  success, 27, 12,1.3173969,5.9952154,108,48,115,0
pfile8,  success, 60, 34,9.38324169999999,26.4157689,240,87,259,0
pfile9,  success, 75, 30,4.1537013,8.0962162,300,113,377,0
pfile1,  success, 6, 6,0.9406593,2.0938864,2,8,16,0
pfile10,  success, 15, 15,1.0946614,2.5297627,15,17,131,0
pfile11,  success, 20, 20,1.1980854,2.7195319,16,22,139,0
pfile12,  success, 29, 17,1.8612301,3.7796523,23,34,245,0
pfile13,  success, 34, 23,2.7905175,3.8921603,26,42,260,0
pfile14,  success, 40, 23,2.2497427,3.4501201,60,51,319,0
pfile15,  success, 53, 33,5.7754285,15.3079976,129,66,476,0
pfile2,  success, 13, 11,0.97118,2.1194971,11,16,67,0
pfile3,  success, 12, 12,1.0647839,2.2921024,10,14,62,0
pfile4,  success, 14, 14,0.9752941,1.3093222,24,15,64,0
pfile5,  success, 18, 14,0.9970538,1.3375327,32,23,113,0
pfile6,  success, 8, 4,0.9748961,3.1021092,12,12,41,0
pfile7,  success, 12, 12,1.0945703,3.3129679,20,15,70,0
pfile8,  success, 22, 14,1.0411041,3.2124742,36,33,161,0
pfile9,  success, 22, 12,1.1341701,2.4569651,18,29,144,0
p01,  success, 20, 12,1.0092896,4.1030575,27,27,133,0
p02,  success, 23, 13,1.045926,3.3576805,42,29,160,0
p03,  success, 30, 14,1.179874,4.5021019,36,38,206,0
p04,  success, 36, 16,1.321991,3.0621973,60,45,265,0
p05,  success, 46, 25,1.2765985,5.0783776,60,54,309,0
p06,  success, 55, 33,34.5346447,38.4711389,66,64,380,0
p07,  success, 59, 25,1.4227083,3.3004044,96,74,453,0
p08,  success, 44, 25,1.3395758,3.2914276,78,53,322,0
p09,  success, 59, 27,1.5021428,5.5713946,75,74,466,0
p10,  success, 80, 34,1.7872802,4.9625372,132,97,635,0
p11,  success, 49, 38,1.9229772,6.8332618,48,57,516,0
p12,  success, 83, 61,3.0151518,7.3590265,66,95,948,0
p13,  success, 86, 39,3.525523,10.3635302,81,102,926,0
p14,  success, 143, 74,7.0395736,15.9780562,120,161,1670,0
p15,  success, 169, 109,7.842857,15.7037166,129,175,1954,0
p16,  success, 177, 100,9.60824189999999,20.5004249,138,185,1997,0
p17,  success, 117, 62,8.78046849999999,19.6672355,144,136,1364,0
p19,  success, 236, 145,21.2985721,38.3856591,204,258,2886,0
p20,  success, 193, 99,19.7827806,38.4691322,168,211,2225,0
probLOGISTICS-10-0,  success, 56, 20,1.1684371,4.1924153,124,79,349,0
probLOGISTICS-10-1,  success, 50, 24,1.0872559,3.1574567,120,72,341,0
probLOGISTICS-11-0,  success, 63, 27,1.2664192,2.7052798,132,83,386,0
probLOGISTICS-11-1,  success, 66, 45,1.701034,3.2562923,220,88,974,0
probLOGISTICS-12-0,  success, 52, 20,1.1886333,4.436732,116,79,346,0
probLOGISTICS-12-1,  success, 76, 48,1.8012619,3.5890385,252,95,1073,0
probLOGISTICS-13-0,  success, 90, 42,1.6290428,8.4972086,348,127,700,0
probLOGISTICS-13-1,  success, 78, 35,1.6295631,5.5743241,288,118,595,0
probLOGISTICS-14-0,  success, 70, 32,1.4572049,6.0225387,258,108,602,0
probLOGISTICS-14-1,  success, 93, 41,1.5947191,6.9434809,318,134,766,0
probLOGISTICS-15-0,  success, 104, 45,1.683378,7.8373228,354,154,874,0
probLOGISTICS-15-1,  success, 92, 40,1.5088969,6.5745628,288,136,761,0
probLOGISTICS-4-0,  success, 22, 17,0.971787,2.9194969,28,27,111,0
probLOGISTICS-5-0,  success, 34, 17,0.9817009,2.0975449,38,46,172,0
probLOGISTICS-6-0,  success, 36, 18,0.9735168,2.0806234,34,51,183,0
probLOGISTICS-7-0,  success, 50, 25,1.0158627,2.1695006,75,66,266,0
probLOGISTICS-8-0,  success, 40, 17,1.2009898,2.3559777,72,58,235,0
probLOGISTICS-8-1,  success, 54, 21,1.1094342,3.3949056,102,75,346,0
probLOGISTICS-9-0,  success, 47, 21,1.0930008,4.0299915,75,64,262,0
probLOGISTICS-9-1,  success, 36, 18,1.2331027,2.5694401,63,46,190,0
p10,  success, 45, 30,1.291836,2.7750399,69,52,361,0
p11,  success, 49, 39,1.3052979,2.8188553,66,54,333,0
p12,  success, 26, 15,1.2252176,1.6265709,30,31,131,0
p13,  success, 70, 60,1.5156035,2.0729121,84,74,527,0
p14,  success, 49, 46,1.2114557,1.6385128,51,51,343,0
p15,  success, 69, 52,1.2884433,1.8083342,69,74,383,0
p16,  success, 58, 29,1.3035931,1.8287533,69,67,382,0
p17,  success, 84, 58,1.7628265,4.5422123,125,94,603,0
p18,  success, 56, 19,2.0324648,3.2372472,95,66,484,0
p19,  success, 107, 71,4.5980201,7.6939672,160,120,915,0
p21,  success, 91, 58,8.8079861,15.059159,150,100,819,0
p22,  success, 111, 69,12.4791748,19.0746624,160,123,1050,0
p23,  success, 140, 79,15.3403547,28.6798642,266,152,1086,0
p24,  success, 191, 119,19.4519736,26.9095611,357,203,1368,0
p25,  success, 60, 15,4.7258195,13.0496886,153,69,441,0
p26,  success, 93, 49,4.0928509,11.0580436,270,103,556,0
p27,  success, 155, 69,9.465655,16.9268755,387,171,1154,0
p05-pfile5,  success, 15, 15,0.9896281,1.3452469,12,16,192,0
p06-pfile6,  success, 20, 11,1.0093575,1.3615911,14,22,277,0
p07-pfile7,  success, 36, 31,1.1286936,1.755397,21,38,499,0
p08-pfile8,  success, 43, 43,1.476489,2.1840784,30,44,739,0
p09-pfile9,  success, 34, 25,1.2340439,2.0456895,40,36,601,0
p10-pfile10,  success, 44, 31,1.5975125,3.4014655,44,51,924,0
p11-pfile11,  success, 35, 21,1.5753078,4.1131592,44,41,887,0
p12-pfile12,  success, 59, 43,3.3461462,8.7738862,76,66,1767,0
p13-pfile13,  success, 57, 23,4.2298629,9.9583555,96,74,2332,0
p14-pfile14,  success, 55, 55,2.3915741,6.0863698,80,56,1500,0
p15-pfile15,  success, 50, 39,2.851527,8.2471112,126,57,1513,0
p16-pfile16,  success, 73, 73,3.0797009,10.6226766,171,74,1985,0
p18-pfile18,  success, 37, 37,1.7405159,4.3562853,52,38,991,0
p19-pfile19,  success, 67, 42,4.4412926,7.4865316,108,77,2086,0
p20-pfile20,  success, 168, 155,20.1454578,23.3991536,160,178,5103,0
p21-HC-pfile1,  success, 75, 75,5.8551604,23.9216858,136,76,3413,0
p22-HC-pfile2,  success, 92, 59,17.712798,61.1007445,172,107,5849,0
p01,  success, 34, 23,1.1717149,1.5549885,34,49,126,0
p01-1,  success, 20, 14,1.0770928,1.461707,20,30,73,0
p02,  success, 127, 76,3.6123667,4.3776287,127,172,418,0
p02-1,  success, 133, 99,5.0615205,7.8738751,133,180,462,0
p03,  success, 11, 8,1.2228023,2.565552,11,15,33,0
p03-1,  success, 10, 8,1.1418799,2.5472644,10,18,39,0
p05-1,  success, 34, 22,2.0677499,5.6738915,68,55,143,0
p06,  success, 29, 18,1.9799666,3.4223781,29,44,121,0
p06-1,  success, 24, 13,2.1932681,4.0322132,48,38,101,0
p07,  success, 93, 65,2.8333692,3.5606173,93,119,304,0
p07-1,  success, 38, 26,1.8643018,2.9127732,76,53,131,0
p08-1,  success, 105, 74,15.3395811,28.8742744,210,126,518,0
p01,  success, 10, 6,1.0513368,3.9704677,30,22,27,0
p02,  success, 14, 8,1.1040193,5.874845,70,32,46,0
p03,  success, 16, 10,1.1603811,5.7219352,80,32,40,0
p04,  success, 14, 8,1.0823957,5.8555222,70,30,43,0
p05,  success, 17, 10,1.1907567,6.9597007,102,37,50,0
p06,  success, 16, 10,1.2037355,6.8246608,96,36,49,0
p07,  success, 14, 8,0.9721867,1.2896001,84,27,38,0
p08,  success, 14, 9,1.0691247,6.6987851,84,34,58,0
p09,  success, 18, 10,1.1686873,7.0507851,108,39,78,0
p10,  success, 14, 9,1.086111,7.0711959,84,34,58,0
p11,  success, 14, 9,1.066334,5.8608979,70,33,60,0
p12,  success, 19, 11,1.0784374,7.1311215,114,43,85,0
p13,  success, 24, 14,1.170935,6.8170997,144,51,133,0
p14,  success, 23, 13,1.1130266,5.0682083,161,47,112,0
p15,  success, 28, 16,1.0916054,5.028615,224,56,136,0
p16,  success, 27, 16,1.1840194,5.7598823,216,52,112,0
p17,  success, 31, 18,1.1124834,5.2559587,279,59,130,0
p18,  success, 29, 15,1.0115471,9.1287988,261,65,128,0
p19,  success, 33, 15,1.123348,8.9751354,297,71,135,0
p20,  success, 30, 15,1.1413567,4.2272318,270,63,142,0
p01,  success, 25, 21,0.9931595,2.1955334,125,37,99,0
p03,  success, 25, 21,1.0950112,2.3870004,125,37,100,0
p04,  success, 31, 19,8.4784487,38.4940789,155,48,221,0
p01,  success, 6, 4,1.7569979,5.8837595,36,15,26,0
p02,  success, 14, 5,1.1740097,6.5743858,84,32,98,0
p03,  success, 29, 16,7.560104,36.0674752,174,50,407,0
p04,  success, 52, 22,3.6085418,16.4883565,312,94,1167,0
p05,  success, 36, 16,3.3831718,15.1954054,216,76,1574,0
p07,  success, 57, 25,15.5107852,46.7336202,342,119,5492,0
p12,  success, 13, 8,1.0955574,6.4918441,78,30,115,0
p13,  success, 25, 10,1.8215628,9.6930916,150,55,530,0
p14,  success, 27, 15,2.8008922,13.5720813,162,57,1251,0
p15,  success, 40, 18,3.9952168,15.3729128,240,82,1356,0
p16,  success, 58, 31,19.6847039,40.7015302,348,100,2098,0
pfile10,  success, 43, 43,1.0845168,3.4278613,32,46,347,0
pfile12,  success, 34, 34,1.1385483,3.6179161,28,37,285,0
pfile13,  success, 50, 50,1.3033613,3.8485084,36,53,498,0
pfile14,  success, 51, 51,2.1864599,9.1568582,72,56,618,0
pfile15,  success, 69, 69,4.7625723,15.4094329,96,74,865,0
pfile16,  success, 70, 70,6.9389886,20.885149,104,75,1147,0
pfile17,  success, 106, 106,16.9897421,40.3766027,152,111,1895,0
pfile18,  success, 100, 100,22.3201272,54.1949318,144,105,1935,0
pfile3,  success, 7, 7,0.9691457,2.1992699,4,9,47,0
pfile4,  success, 12, 12,0.9710891,2.185622,4,14,53,0
pfile5,  success, 18, 18,0.9799033,2.2408018,8,20,88,0
pfile6,  success, 19, 19,0.9886389,2.251287,8,21,132,0
pfile7,  success, 21, 21,0.9878578,2.2414185,8,23,125,0
pfile8,  success, 16, 16,1.0064477,3.2450174,12,19,101,0
pfile9,  success, 38, 38,1.0637274,3.3501611,28,41,265,0
