probBLOCKS-10-0,  success, 38, 34,3.5380072,12.9732158,3828,2126,6188,0
probBLOCKS-10-1,  success, 42, 35,19.0311078,67.6789372,17979,9158,33227,0
probBLOCKS-10-2,  success, 52, 43,8.7679493,31.3259297,9003,5147,16708,0
probBLOCKS-11-0,  success, 30, 23,4.6103417,17.3536499,3801,2004,7381,0
probBLOCKS-11-1,  success, 28, 24,3.740956,14.2897896,3159,1706,6702,0
probBLOCKS-11-2,  success, 42, 34,28.1827678000001,101.3550072,20577,10716,40709,0
probBLOCKS-12-1,  success, 46, 37,15.099766,56.0589663,9339,4767,16608,0
probBLOCKS-13-1,  success, 60, 46,91.9635011999998,330.8433717,39906,20320,76417,0
probBLOCKS-14-0,  success, 50, 45,76.1242337999998,280.9164705,29181,13727,49872,0
probBLOCKS-14-1,  success, 50, 44,67.1546729000001,247.1689176,27150,14222,54966,0
probBLOCKS-9-0,  success, 36, 27,21.0343007,73.2370181,23241,11998,38734,0
probBLOCKS-9-1,  success, 40, 34,35.2383062000001,121.1660105,37155,18431,64616,0
probBLOCKS-9-2,  success, 24, 19,1.2521119,4.799553,1545,882,2694,0
pfile1,  success, 10, 4,0.0855949,0.4114831,96,82,101,0
pfile10,  success, 29, 10,0.8526047,5.8303213,1379,909,1731,0
pfile11,  success, 100, 32,43.3896542,260.3612623,22099,14612,27101,0
pfile13,  success, 26, 9,0.7597467,5.4815366,749,630,1194,0
pfile14,  success, 68, 42,34.2725442,206.7072527,14924,11529,26627,0
pfile16,  success, 27, 10,2.4364914,10.0605279,1337,1000,3099,0
pfile17,  success, 24, 11,4.7783645,16.1981877,616,457,1731,0
pfile19,  success, 77, 39,37.1931967,274.8075119,18477,13484,44749,0
pfile2,  success, 15, 6,0.197019,0.8750416,404,346,486,0
pfile3,  success, 34, 13,0.8940371,3.2840971,1428,967,1646,0
pfile4,  success, 43, 22,2.756228,9.1211588,2372,1922,3324,0
pfile5,  success, 119, 54,77.3052611999999,246.5282507,35756,27746,45800,0
pfile7,  success, 48, 28,43.7830970000002,119.0117758,30460,26693,45557,0
pfile8,  success, 43, 22,3.9822739,13.8559705,1832,1462,3417,0
pfile9,  success, 83, 38,80.3518044999999,274.6572635,13928,9023,23254,0
pfile1,  success, 6, 6,0.073694,0.3596147,3,13,30,0
pfile10,  success, 16, 16,0.2497219,0.9081107,21,41,237,0
pfile11,  success, 20, 20,0.424967,1.3136135,30,59,352,0
pfile12,  success, 32, 25,1.4911442,3.6520388,63,115,709,0
pfile13,  success, 25, 23,1.7641296,4.3860414,54,91,677,0
pfile14,  success, 33, 20,1.6569175,5.7408953,194,202,1205,0
pfile15,  success, 41, 33,4.7053465,21.3662198,225,273,1373,0
pfile2,  success, 16, 10,0.0973774,0.419651,24,39,155,0
pfile3,  success, 11, 11,0.0858368,0.3991059,13,27,95,0
pfile4,  success, 15, 10,0.0981773,0.4488827,50,52,177,0
pfile5,  success, 19, 15,0.1158188,0.5203564,70,80,283,0
pfile6,  success, 9, 5,0.1010711,0.540684,24,34,96,0
pfile7,  success, 14, 10,0.1197644,0.5906014,36,55,210,0
pfile8,  success, 23, 15,0.1620352,0.7311016,70,90,373,0
pfile9,  success, 21, 17,0.2649461,0.8656514,31,69,336,0
p01,  success, 18, 13,0.1237976,0.724706,45,92,419,0
p02,  success, 24, 15,0.1887161,1.0070406,75,144,711,0
p03,  success, 25, 16,0.2418439,1.1893896,132,193,979,0
p04,  success, 42, 22,0.5153368,2.1731928,243,344,1853,0
p05,  success, 36, 24,0.7330785,2.956104,330,435,2246,0
p06,  success, 42, 23,0.7633818,3.2356573,261,425,2280,0
p07,  success, 60, 46,1.7012504,6.3424084,513,729,3789,0
p08,  success, 48, 23,1.1757417,4.7540586,369,504,2990,0
p09,  success, 49, 35,1.0096623,4.3136254,246,425,2288,0
p10,  success, 73, 32,3.2616164,11.8397344,768,1107,6370,0
p11,  success, 46, 31,2.8405527,10.0200224,345,648,4456,0
p12,  success, 59, 43,4.2355572,14.6487334,459,805,5841,0
p13,  success, 63, 53,5.9863588,21.4522074,489,812,6075,0
p14,  success, 81, 48,15.3008583,53.4305868,1062,1559,11834,0
p15,  success, 106, 46,17.0282242,58.6393066,1026,1599,11625,0
p16,  success, 91, 43,22.7594403,75.9696011,1272,1867,14631,0
p17,  success, 98, 59,27.6221217,93.7590343,1170,1667,13217,0
p19,  success, 134, 79,114.2564135,373.5343275,4050,5388,45846,0
p20,  success, 119, 66,108.0045407,358.2894519,3333,4611,39927,0
probLOGISTICS-10-0,  success, 46, 21,0.2544721,1.0665011,284,376,1598,0
probLOGISTICS-10-1,  success, 44, 25,0.2459107,1.016614,260,345,1416,0
probLOGISTICS-11-0,  success, 51, 25,0.231103,0.9899703,276,351,1467,0
probLOGISTICS-11-1,  success, 65, 54,1.5943915,7.0340994,1524,852,10988,0
probLOGISTICS-12-0,  success, 43, 20,0.2390433,0.9925251,292,331,1395,0
probLOGISTICS-12-1,  success, 70, 55,1.8392797,8.0585779,1500,972,13545,0
probLOGISTICS-13-0,  success, 82, 28,1.0065959,4.8345767,936,1151,5045,0
probLOGISTICS-13-1,  success, 67, 23,0.7565501,3.7190842,654,880,3813,0
probLOGISTICS-14-0,  success, 60, 27,0.5658914,2.8036218,636,666,2933,0
probLOGISTICS-14-1,  success, 73, 38,0.5962729,3.0520499,666,768,3564,0
probLOGISTICS-15-0,  success, 83, 42,0.904229300000001,4.3312628,876,1070,4928,0
probLOGISTICS-15-1,  success, 71, 37,0.5915662,3.0139725,732,743,3374,0
probLOGISTICS-4-0,  success, 20, 13,0.090225,0.3785626,38,71,250,0
probLOGISTICS-5-0,  success, 27, 15,0.0948895,0.3967906,64,105,394,0
probLOGISTICS-6-0,  success, 25, 15,0.0956042,0.3899203,60,99,372,0
probLOGISTICS-7-0,  success, 36, 21,0.1319894,0.5653492,147,206,821,0
probLOGISTICS-8-0,  success, 34, 18,0.1480573,0.6074652,162,216,862,0
probLOGISTICS-8-1,  success, 48, 25,0.1666563,0.6583197,189,296,1216,0
probLOGISTICS-9-0,  success, 41, 23,0.1485797,0.5959828,165,238,930,0
probLOGISTICS-9-1,  success, 31, 18,0.1285652,0.5417883,114,164,658,0
p10,  success, 37, 24,0.2827783,1.0862912,180,254,1592,0
p11,  success, 34, 26,0.3012272,1.1950521,159,250,1428,0
p12,  success, 21, 11,0.198086,0.7537099,66,128,616,0
p13,  success, 50, 36,0.8291618,2.7294598,219,399,2464,0
p14,  success, 30, 25,0.3710342,1.3528,87,234,1225,0
p15,  success, 44, 32,0.8308276,2.5606772,135,329,1982,0
p16,  success, 46, 31,1.2741528,3.3271517,252,465,2408,0
p17,  success, 54, 36,2.2988084,8.5812544,530,861,4499,0
p18,  success, 52, 24,2.0493448,10.1934692,385,517,3853,0
p19,  success, 77, 51,5.561338,27.4213316,620,951,6857,0
p21,  success, 73, 49,22.1290909,89.6453543,640,973,7070,0
p22,  success, 81, 34,35.4876022,175.6666701,770,1723,14996,0
p23,  success, 94, 45,54.7826114,286.185453,2408,3081,21929,0
p24,  success, 129, 72,58.1380288,313.8638527,2884,3914,27678,0
p25,  success, 33, 16,3.4469171,33.577627,504,597,4275,0
p26,  success, 75, 44,7.4961238,53.5473667,1341,1723,9323,0
p27,  success, 108, 61,20.0716899,122.9077022,2088,2612,16792,0
p05-pfile5,  success, 15, 15,0.1216432,0.5391038,12,79,909,0
p06-pfile6,  success, 25, 16,0.18495,0.6837604,30,164,1958,0
p07-pfile7,  success, 21, 14,0.1752059,0.8418845,36,153,2036,0
p08-pfile8,  success, 27, 19,0.5705386,2.3865456,90,437,7116,0
p09-pfile9,  success, 37, 25,0.5395263,2.7216546,112,411,6630,0
p10-pfile10,  success, 43, 30,0.7145503,3.2405481,80,466,7293,0
p11-pfile11,  success, 41, 24,1.1764652,5.9926121,132,537,11264,0
p12-pfile12,  success, 53, 37,2.6918069,13.7771239,164,731,19142,0
p13-pfile13,  success, 68, 33,5.8310102,29.7426843,304,886,27850,0
p14-pfile14,  success, 49, 32,3.5076571,21.6771733,215,1189,31054,0
p15-pfile15,  success, 48, 31,2.523573,22.4623468,315,1001,26506,0
p16-pfile16,  success, 54, 43,6.20153,60.2983245,387,3391,88431,0
p18-pfile18,  success, 47, 38,4.4622067,22.1943538,196,1316,34500,0
p19-pfile19,  success, 86, 48,11.2437029,47.6341846,140,1826,50571,0
p20-pfile20,  success, 93, 43,20.8250467,87.7929694,724,2606,73799,0
p21-HC-pfile1,  success, 77, 77,11.9155385,71.0008525,136,1066,46678,0
p22-HC-pfile2,  success, 98, 64,33.4196994,181.9683805,308,1277,68886,0
p01,  success, 32, 19,0.4734555,1.1804019,134,209,546,0
p01-1,  success, 20, 14,0.2362891,0.7644562,64,102,265,0
p02,  success, 159, 106,54.8911876,101.3210525,5505,8533,20808,0
p02-1,  success, 127, 94,382.784939,645.7465606,23973,36361,93536,0
p03,  success, 11, 8,0.1730035,0.7132474,24,43,98,0
p03-1,  success, 11, 8,0.1519455,0.6495224,21,37,75,0
p05-1,  success, 46, 30,6.6250117,19.5680738,1134,1237,3141,0
p06,  success, 34, 18,34.1639003,65.6783388,2004,2979,8172,0
p06-1,  success, 46, 22,87.2545083999998,239.9983861,10482,10001,25604,0
p07,  success, 107, 65,93.4407141999999,168.2519371,7987,12316,32341,0
p07-1,  success, 49, 32,5.7675163,16.6640267,1458,1285,3222,0
p08-1,  success, 110, 74,119.3740722,236.7710427,12870,13162,30909,0
p01,  success, 10, 6,0.0843897,0.3693902,111,133,94,0
p02,  success, 14, 8,0.0940627,0.4507756,200,205,136,0
p03,  success, 16, 10,0.0978950000000001,0.4772138,285,277,180,0
p04,  success, 14, 8,0.0963731,0.4685182,215,199,167,0
p05,  success, 18, 10,0.1069977,0.5340989,330,316,221,0
p06,  success, 16, 10,0.1415135,0.659388,552,554,399,0
p07,  success, 14, 8,0.1298003,0.5930982,396,430,299,0
p08,  success, 14, 9,0.1179354,0.6130288,258,260,287,0
p09,  success, 18, 10,0.1248191,0.6316329,288,302,325,0
p10,  success, 14, 9,0.129333,0.6780014,294,295,326,0
p11,  success, 14, 9,0.1144696,0.5350784,235,253,268,0
p12,  success, 18, 11,0.135872,0.6300344,360,372,334,0
p13,  success, 21, 11,0.1747481,0.7451122,600,659,575,0
p14,  success, 21, 10,0.1922837,0.9389682,455,458,455,0
p15,  success, 25, 12,0.1901017,1.0479265,712,713,630,0
p16,  success, 25, 11,0.1807662,0.990009,720,650,583,0
p17,  success, 28, 14,0.2117774,1.2189622,1008,852,715,0
p18,  success, 32, 13,0.2573555,1.4490123,1305,954,852,0
p19,  success, 32, 12,0.3497022,1.9019397,1971,1364,1234,0
p20,  success, 30, 15,0.274676,1.5035121,1431,1146,1086,0
p01,  success, 25, 21,0.1140859,0.6254288,285,246,217,0
p03,  success, 25, 21,0.1293657,0.6521408,285,246,223,0
p01,  success, 6, 3,0.0807323,0.4900702,114,89,168,0
p02,  success, 14, 6,0.1991682,1.1510156,282,214,724,0
p03,  success, 29, 15,12.36401,41.4520515,9150,5719,23235,0
p04,  success, 48, 17,14.0956403,50.5676164,7254,4026,26608,0
p05,  success, 47, 20,36.8388461,117.1067065,7962,4593,35241,0
p07,  success, 65, 31,259.2403593,644.3102048,11412,7372,74050,0
p12,  success, 13, 6,0.2046499,1.2333289,300,194,594,0
p13,  success, 26, 11,0.9415742,5.098986,600,387,2875,0
p14,  success, 32, 15,2.9792268,13.5445767,1068,635,8487,0
p15,  success, 40, 14,3.0822316,15.8189095,1044,600,6343,0
p16,  success, 49, 18,165.9759082,456.1723109,14592,8702,72536,0
pfile10,  success, 27, 18,0.2612568,1.0673642,50,124,881,0
pfile12,  success, 28, 25,0.4885162,1.7547164,66,172,1340,0
pfile13,  success, 32, 32,0.5581187,2.0093729,48,202,1978,0
pfile14,  success, 35, 26,3.2841571,16.1823217,300,346,5353,0
pfile15,  success, 49, 46,9.2352729,45.6718142,292,586,5278,0
pfile16,  success, 52, 34,21.7527603,98.9270247,636,571,12884,0
pfile17,  success, 67, 35,31.1515591,149.8372801,416,636,10957,0
pfile18,  success, 80, 63,76.2413921,359.6465763,548,1221,22478,0
pfile3,  success, 6, 6,0.0814917,0.3954509,4,15,93,0
pfile4,  success, 8, 8,0.089553,0.4185278,6,23,99,0
pfile5,  success, 13, 13,0.1160866,0.496586,10,37,170,0
pfile6,  success, 14, 14,0.1139945,0.4968516,12,33,237,0
pfile7,  success, 18, 11,0.1305845,0.53268,13,43,170,0
pfile8,  success, 13, 13,0.2136069,0.9024878,46,85,621,0
pfile9,  success, 24, 10,0.2401063,0.9966057,46,88,549,0
