probBLOCKS-10-0,  success, 38, 34,2.897339,10.5472358,3828,2126,6188,0
probBLOCKS-10-1,  success, 42, 35,17.6830464,59.7180954,17979,9158,33227,0
probBLOCKS-10-2,  success, 52, 43,8.4255457,29.3756863,9003,5147,16708,0
probBLOCKS-11-0,  success, 30, 23,4.1446164,15.3748952,3801,2004,7381,0
probBLOCKS-11-1,  success, 28, 24,3.0321898,11.5714668,3159,1706,6702,0
probBLOCKS-11-2,  success, 42, 34,21.7254304,77.6146466,20577,10716,40709,0
probBLOCKS-12-1,  success, 46, 37,12.0414521,44.99118,9339,4767,16608,0
probBLOCKS-13-1,  success, 60, 46,73.506909,265.0734683,39906,20320,76417,0
probBLOCKS-14-0,  success, 50, 45,55.7025317,207.2422851,29181,13727,49872,0
probBLOCKS-14-1,  success, 50, 44,55.8968275999999,207.3490609,27150,14222,54966,0
probBLOCKS-9-0,  success, 36, 27,16.3532649000001,55.2760461,23241,11998,38734,0
probBLOCKS-9-1,  success, 40, 34,27.9536459000001,93.3498788,37155,18431,64616,0
probBLOCKS-9-2,  success, 24, 19,0.9878408,3.7483009,1545,882,2694,0
pfile1,  success, 10, 4,0.0886042999999999,0.4120803,96,82,101,0
pfile10,  success, 29, 10,0.7227896,5.031591,1379,909,1731,0
pfile11,  success, 100, 32,33.0432296,211.6954992,22099,14612,27101,0
pfile13,  success, 26, 9,0.6340376,4.6707504,749,630,1194,0
pfile14,  success, 68, 42,28.5143434999999,174.8615736,14924,11529,26627,0
pfile16,  success, 27, 10,2.1771268,8.7373599,1337,1000,3099,0
pfile17,  success, 24, 11,3.9206677,12.5818565,616,457,1731,0
pfile19,  success, 77, 39,27.8506283,213.509468,18477,13484,44749,0
pfile2,  success, 15, 6,0.1560287,0.7321562,404,346,486,0
pfile3,  success, 34, 13,0.651498599999999,2.3469682,1428,967,1646,0
pfile4,  success, 43, 22,2.02920430000001,7.1562011,2372,1922,3324,0
pfile5,  success, 119, 54,60.4627531000005,196.5166187,35756,27746,45800,0
pfile7,  success, 48, 28,38.456923,102.8486788,30460,26693,45557,0
pfile8,  success, 43, 22,3.52158129999999,12.162979,1832,1462,3417,0
pfile9,  success, 83, 38,65.1356097000001,216.558674,13928,9023,23254,0
pfile1,  success, 6, 6,0.0713598,0.3478476,3,13,30,0
pfile10,  success, 16, 16,0.2414068,0.8685238,21,41,237,0
pfile11,  success, 21, 13,0.5538201,1.5451277,47,85,449,0
pfile12,  success, 32, 20,1.320333,3.2817474,51,107,605,0
pfile13,  success, 25, 18,1.5681556,4.0087222,43,85,557,0
pfile14,  success, 33, 24,2.5077202,8.239228,266,343,1548,0
pfile15,  success, 42, 34,6.6948182,29.1588605,303,418,1791,0
pfile2,  success, 16, 12,0.0898478,0.3870597,22,42,139,0
pfile3,  success, 11, 11,0.0843216,0.3833947,13,27,95,0
pfile4,  success, 14, 10,0.0975428,0.4402019,46,62,189,0
pfile5,  success, 19, 15,0.1106555,0.4978333,56,83,257,0
pfile6,  success, 9, 5,0.0914742,0.4756041,24,34,96,0
pfile7,  success, 14, 10,0.1115649,0.5653797,36,53,172,0
pfile8,  success, 23, 15,0.1695889,0.7072507,66,99,368,0
pfile9,  success, 21, 17,0.2255278,0.7736293,25,58,251,0
p01,  success, 18, 13,0.1218881,0.7084912,45,96,439,0
p02,  success, 24, 15,0.1820931,0.9731497,78,144,709,0
p03,  success, 23, 9,0.2034961,1.0362187,117,161,805,0
p04,  success, 34, 22,0.3956907,1.727759,186,268,1412,0
p05,  success, 34, 21,0.6200291,2.6390366,288,453,2370,0
p06,  success, 56, 32,2.54300079999999,9.3498987,1146,1625,8511,0
p07,  success, 56, 36,1.435578,5.5559186,441,701,3622,0
p08,  success, 46, 28,1.1490264,4.5751686,354,508,2942,0
p09,  success, 52, 20,1.3052029,5.3108527,402,589,3202,0
p10,  success, 81, 46,4.0154621,14.5959472,1095,1517,8961,0
p11,  success, 46, 31,3.1180788,11.1532324,351,788,5410,0
p12,  success, 65, 40,5.7535874,19.8043759,669,1232,8769,0
p13,  success, 67, 36,10.6298418,36.3988057,984,1588,12002,0
p14,  success, 86, 43,20.3037038,71.7057568,1479,2275,17251,0
p15,  success, 117, 68,42.2361108,142.8744935,2814,4327,32483,0
p16,  success, 90, 38,36.0125916,118.9089642,2088,3143,25530,0
p17,  success, 107, 60,100.0703203,331.6282813,4509,6368,49247,0
p19,  success, 151, 94,221.0391657,726.1679348,7578,11475,91070,0
p20,  success, 133, 67,181.1433422,608.0594608,5517,8408,71100,0
probLOGISTICS-10-0,  success, 46, 22,0.2454867,1.0421156,244,396,1659,0
probLOGISTICS-10-1,  success, 42, 20,0.2220346,0.9366744,240,339,1392,0
probLOGISTICS-11-0,  success, 51, 25,0.2391366,0.9788089,256,401,1679,0
probLOGISTICS-11-1,  success, 67, 51,5.23735240000004,22.2447832,6040,3182,38369,0
probLOGISTICS-12-0,  success, 43, 20,0.252905,1.02842,296,393,1668,0
probLOGISTICS-12-1,  success, 76, 56,4.26435010000001,18.348853,4992,2627,33640,0
probLOGISTICS-13-0,  success, 81, 32,0.9841404,4.6112383,960,1163,5174,0
probLOGISTICS-13-1,  success, 67, 23,0.7240921,3.5071453,672,866,3787,0
probLOGISTICS-14-0,  success, 60, 27,0.6058444,2.9240384,624,764,3451,0
probLOGISTICS-14-1,  success, 77, 34,0.6752797,3.3471635,714,930,4262,0
probLOGISTICS-15-0,  success, 84, 32,1.0150131,4.7398211,1002,1301,6048,0
probLOGISTICS-15-1,  success, 73, 28,0.734305700000001,3.5311395,810,1009,4752,0
probLOGISTICS-4-0,  success, 20, 13,0.0941054,0.3712941,36,77,271,0
probLOGISTICS-5-0,  success, 27, 16,0.1059459,0.3802724,60,112,410,0
probLOGISTICS-6-0,  success, 25, 16,0.1001206,0.3791095,54,103,377,0
probLOGISTICS-7-0,  success, 36, 21,0.1332551,0.5583885,144,234,933,0
probLOGISTICS-8-0,  success, 32, 18,0.1298692,0.5545032,147,205,811,0
probLOGISTICS-8-1,  success, 48, 25,0.1560419,0.6305755,168,300,1240,0
probLOGISTICS-9-0,  success, 41, 23,0.1448511,0.5902177,144,274,1077,0
probLOGISTICS-9-1,  success, 31, 16,0.123875,0.5147315,120,185,726,0
p10,  success, 39, 31,0.2875604,1.069567,183,278,1650,0
p11,  success, 36, 30,0.338576,1.3030914,198,314,1739,0
p12,  success, 21, 12,0.205149,0.7563572,72,152,688,0
p13,  success, 52, 36,0.8328422,2.7220523,201,443,2771,0
p14,  success, 36, 31,0.5085691,1.7502861,129,366,1932,0
p15,  success, 43, 38,0.9232973,2.7666583,147,381,2154,0
p16,  success, 46, 31,1.2054235,3.109484,243,465,2436,0
p17,  success, 54, 35,2.3000927,8.3476812,510,903,4815,0
p18,  success, 52, 20,2.3376111,11.0498358,375,619,4611,0
p19,  success, 78, 48,5.4504502,26.8474715,555,994,7522,0
p21,  success, 71, 47,29.5350448,115.0160735,830,1363,10667,0
p22,  success, 83, 43,25.8481323,129.7638904,685,1339,11189,0
p23,  success, 92, 39,59.3125624999999,313.9445822,2604,3665,25116,0
p24,  success, 133, 81,46.1413806,243.1938092,2261,3178,23706,0
p25,  success, 36, 16,4.1334363,38.0134007,657,762,5145,0
p26,  success, 86, 27,10.2646975,71.597446,1998,2531,14301,0
p27,  success, 104, 59,19.2603181,117.650033,1899,2722,17433,0
p05-pfile5,  success, 15, 15,0.1219237,0.521343,12,79,909,0
p06-pfile6,  success, 25, 16,0.188116,0.667386,30,173,2071,0
p07-pfile7,  success, 21, 14,0.1615172,0.799578,36,153,2036,0
p08-pfile8,  success, 27, 19,0.5306972,2.2262004,90,437,7116,0
p09-pfile9,  success, 31, 18,0.5161342,2.5814126,104,431,6927,0
p10-pfile10,  success, 48, 30,0.8862621,3.773486,100,613,9560,0
p11-pfile11,  success, 41, 23,0.9996218,5.2112924,124,487,10213,0
p12-pfile12,  success, 53, 37,3.4481768,16.7530656,196,981,25711,0
p13-pfile13,  success, 64, 29,6.3376173,31.0319711,312,1006,31558,0
p14-pfile14,  success, 49, 32,3.1593682,19.8798182,220,1201,31372,0
p15-pfile15,  success, 48, 31,2.3134186,20.4226736,322,1017,26896,0
p16-pfile16,  success, 54, 43,5.9768114,56.8852827,387,3391,88431,0
p18-pfile18,  success, 47, 38,4.197488,20.5724918,196,1316,34500,0
p19-pfile19,  success, 87, 49,11.8117627,49.6777804,140,1976,54309,0
p20-pfile20,  success, 93, 43,20.3327374,85.8671469,800,2786,79351,0
p21-HC-pfile1,  success, 77, 77,11.4220726,68.1800789,136,1066,46678,0
p22-HC-pfile2,  success, 98, 64,36.7018907,190.8074253,332,1472,79349,0
p01,  success, 32, 19,0.4287292,1.0966017,134,209,546,0
p01-1,  success, 20, 14,0.2213061,0.7159639,64,102,265,0
p02,  success, 159, 106,49.7279839000004,93.5090181,5505,8533,20808,0
p02-1,  success, 127, 94,353.4460301,604.0502165,23973,36361,93536,0
p03,  success, 11, 8,0.15886,0.6928834,24,43,98,0
p03-1,  success, 11, 8,0.1392509,0.6181775,21,37,75,0
p05-1,  success, 46, 30,6.0257332,18.0719195,1134,1237,3141,0
p06,  success, 34, 18,31.1833457999999,60.8353028,2004,2979,8172,0
p06-1,  success, 46, 22,71.4134694000004,201.9398907,10482,10001,25604,0
p07,  success, 107, 65,82.7829430999998,151.7877612,7987,12316,32341,0
p07-1,  success, 49, 32,4.6953286,14.1119032,1458,1285,3222,0
p08-1,  success, 110, 74,108.9933689,212.9279179,12870,13162,30909,0
p01,  success, 10, 6,0.0830585999999999,0.3546765,111,133,94,0
p02,  success, 14, 8,0.0963495999999999,0.4260277,200,205,136,0
p03,  success, 16, 10,0.1109151,0.4551513,285,277,180,0
p04,  success, 14, 8,0.0977223999999999,0.4483834,215,199,167,0
p05,  success, 18, 10,0.1118852,0.5115108,330,316,221,0
p06,  success, 16, 10,0.1447045,0.6209918,552,554,399,0
p07,  success, 14, 8,0.1343406,0.5694026,396,430,299,0
p08,  success, 14, 9,0.1097462,0.5964287,258,260,287,0
p09,  success, 18, 10,0.1151118,0.6042201,288,302,325,0
p10,  success, 14, 9,0.1197388,0.6117632,294,295,326,0
p11,  success, 14, 9,0.1142299,0.5033742,235,253,268,0
p12,  success, 18, 11,0.1285221,0.5923548,360,372,334,0
p13,  success, 21, 11,0.1659931,0.7022181,600,659,575,0
p14,  success, 21, 10,0.1429138,0.7236943,455,458,455,0
p15,  success, 25, 12,0.1666005,0.9224255,712,713,630,0
p16,  success, 25, 11,0.1641444,0.9180428,720,650,583,0
p17,  success, 28, 14,0.193325,1.1120741,1008,852,715,0
p18,  success, 32, 13,0.2263554,1.2304577,1305,954,852,0
p19,  success, 32, 12,0.3034781,1.5958285,1971,1364,1234,0
p20,  success, 30, 15,0.2563863,1.3238011,1431,1146,1086,0
p01,  success, 25, 21,0.111999,0.5776068,285,246,217,0
p03,  success, 25, 21,0.1219301,0.609581,285,246,223,0
p01,  success, 6, 3,0.075706,0.4756307,114,89,168,0
p02,  success, 14, 6,0.1917391,1.071408,282,214,724,0
p03,  success, 29, 15,11.7310518,38.1186792,9150,5719,23235,0
p04,  success, 48, 17,13.0602188,44.9618421,7254,4026,26608,0
p05,  success, 47, 20,34.2810437,106.3738377,7962,4593,35241,0
p07,  success, 65, 31,248.1456171,600.9266853,11412,7372,74050,0
p12,  success, 13, 6,0.1890641,1.1331976,300,194,594,0
p13,  success, 26, 11,0.8829617,4.6945564,600,387,2875,0
p14,  success, 32, 15,2.6981112,11.7890829,1068,635,8487,0
p15,  success, 40, 14,2.7306232,13.6553202,1044,600,6343,0
p16,  success, 49, 18,158.2665841,427.1164916,14592,8702,72536,0
pfile10,  success, 27, 18,0.233439,1.0039152,50,124,888,0
pfile12,  success, 28, 25,0.4053416,1.5572878,66,169,1310,0
pfile13,  success, 32, 32,0.5251326,1.9140814,48,202,1978,0
pfile14,  success, 35, 26,1.9353728,10.8971698,296,361,5434,0
pfile15,  success, 49, 46,7.0767569,35.7488564,288,586,5242,0
pfile16,  success, 52, 34,10.3328799,53.0295896,620,571,11459,0
pfile17,  success, 67, 35,22.9500482,116.7707165,456,676,11405,0
pfile18,  success, 79, 63,54.1341371,268.7582053,528,1321,20795,0
pfile3,  success, 6, 6,0.0770065,0.3660284,4,15,93,0
pfile4,  success, 8, 8,0.0829224,0.38847,6,23,99,0
pfile5,  success, 13, 13,0.1059021,0.4507676,10,37,170,0
pfile6,  success, 14, 14,0.105415,0.4497676,12,35,258,0
pfile7,  success, 18, 11,0.1180671,0.4858724,13,43,170,0
pfile8,  success, 13, 13,0.1680159,0.7721324,46,85,621,0
pfile9,  success, 24, 10,0.1956776,0.8790522,52,100,598,0
