probBLOCKS-10-0,  success, 38, 34,3.601284,13.0408975,3828,2126,6188,0
probBLOCKS-10-1,  success, 42, 35,20.044912,70.0533243,17979,9158,33227,0
probBLOCKS-10-2,  success, 52, 43,8.94041870000002,32.015495,9003,5147,16708,0
probBLOCKS-11-0,  success, 30, 23,4.5676526,17.1991391,3801,2004,7381,0
probBLOCKS-11-1,  success, 28, 24,3.7254733,14.308108,3159,1706,6702,0
probBLOCKS-11-2,  success, 42, 34,28.0669584,101.2318795,20577,10716,40709,0
probBLOCKS-12-1,  success, 46, 37,15.0011723,55.8082774,9339,4767,16608,0
probBLOCKS-13-1,  success, 60, 46,92.8527204999999,333.8811152,39906,20320,76417,0
probBLOCKS-14-0,  success, 50, 45,83.5428142,302.7194669,29181,13727,49872,0
probBLOCKS-14-1,  success, 50, 44,70.9519932000001,259.2573658,27150,14222,54966,0
probBLOCKS-9-0,  success, 36, 27,22.7813608,77.5229726,23241,11998,38734,0
probBLOCKS-9-1,  success, 40, 34,35.1491213000001,121.0133198,37155,18431,64616,0
probBLOCKS-9-2,  success, 24, 19,1.2438018,4.7578813,1545,882,2694,0
pfile1,  success, 10, 4,0.0821813,0.4095567,92,81,99,0
pfile10,  success, 29, 10,0.8522609,5.7833416,1379,909,1731,0
pfile11,  success, 100, 32,42.5013068,256.3070554,22099,14612,27101,0
pfile13,  success, 26, 9,0.7330006,5.3170046,749,630,1194,0
pfile14,  success, 68, 42,33.1704537999999,200.0392669,14910,11527,26620,0
pfile16,  success, 27, 10,2.4611848,10.1224812,1323,998,3093,0
pfile17,  success, 24, 11,4.255676,14.1676369,595,454,1723,0
pfile19,  success, 77, 39,33.1745488,251.3206147,18477,13484,44749,0
pfile2,  success, 15, 6,0.1810145,0.8136699,400,345,484,0
pfile3,  success, 34, 13,0.775229100000001,2.9705091,1428,967,1646,0
pfile4,  success, 43, 22,2.4323077,8.3048686,2368,1921,3322,0
pfile5,  success, 119, 54,74.0398208999998,237.0845969,35756,27746,45800,0
pfile7,  success, 48, 28,42.3587046,115.2636677,30456,26692,45555,0
pfile8,  success, 43, 22,3.9986597,13.9569633,1828,1461,3415,0
pfile9,  success, 83, 38,80.9340927999999,276.2464187,13924,9022,23252,0
pfile1,  success, 6, 6,0.0640694,0.3492925,2,8,16,0
pfile10,  success, 16, 16,0.2544465,0.9016071,20,40,230,0
pfile11,  success, 20, 20,0.4217449,1.2675713,26,55,325,0
pfile12,  success, 32, 25,1.4997601,3.5536636,63,111,699,0
pfile13,  success, 25, 23,1.7754408,4.2926184,51,88,661,0
pfile14,  success, 36, 33,1.7288162,5.6041425,158,202,1127,0
pfile15,  success, 41, 33,4.7821912,20.6137873,225,258,1328,0
pfile2,  success, 14, 12,0.0930691,0.3997506,19,32,129,0
pfile3,  success, 11, 11,0.0909614,0.4144883,13,26,93,0
pfile4,  success, 15, 10,0.0994395,0.4489854,46,50,169,0
pfile5,  success, 19, 15,0.1173415,0.5494874,70,78,279,0
pfile6,  success, 11, 7,0.1003532,0.4943288,24,35,108,0
pfile7,  success, 14, 10,0.1264326,0.5924667,36,53,206,0
pfile8,  success, 23, 15,0.165773,0.7268709,70,88,369,0
pfile9,  success, 21, 17,0.2673766,0.8425212,31,64,324,0
p01,  success, 18, 13,0.1261464,0.7029729,36,73,337,0
p02,  success, 24, 15,0.1856064,0.9775328,75,133,652,0
p03,  success, 25, 16,0.2353695,1.1501689,123,184,936,0
p04,  success, 34, 30,0.3516298,1.5602859,129,210,1076,0
p05,  success, 36, 24,0.723422,2.9234492,321,431,2224,0
p06,  success, 42, 24,0.6516127,2.7772788,237,355,1839,0
p07,  success, 59, 32,1.5090024,5.6765427,480,690,3637,0
p08,  success, 49, 23,1.2040815,4.7510989,357,508,2874,0
p09,  success, 49, 35,0.977098099999999,4.0060233,246,399,2138,0
p10,  success, 79, 54,3.8948797,13.4615354,888,1294,7868,0
p11,  success, 46, 31,2.8060308,8.8430821,291,528,3941,0
p12,  success, 59, 43,4.2263525,13.9134846,450,746,5586,0
p13,  success, 59, 48,4.8369208,17.052223,348,617,4706,0
p14,  success, 83, 50,15.413737,52.2461736,1002,1512,11654,0
p15,  success, 109, 53,24.1279645,79.3370465,1449,2245,17991,0
p16,  success, 93, 46,22.8383991,74.9269461,1227,1813,14100,0
p17,  success, 98, 59,28.0182937,92.9245712,1116,1620,12944,0
p19,  success, 134, 79,114.1104537,371.316046,3984,5349,45629,0
p20,  success, 119, 55,75.6881336,250.5897925,2265,3209,27569,0
probLOGISTICS-10-0,  success, 46, 21,0.2578246,1.0740363,284,376,1598,0
probLOGISTICS-10-1,  success, 44, 25,0.2450551,1.0261662,260,345,1416,0
probLOGISTICS-11-0,  success, 51, 25,0.230382,0.9865243,276,351,1467,0
probLOGISTICS-11-1,  success, 65, 54,1.566899,7.0188902,1524,852,10988,0
probLOGISTICS-12-0,  success, 43, 20,0.2522904,1.0331115,292,331,1395,0
probLOGISTICS-12-1,  success, 70, 55,1.8532986,8.0828543,1500,972,13545,0
probLOGISTICS-13-0,  success, 78, 35,0.9309932,4.3740118,810,1038,4561,0
probLOGISTICS-13-1,  success, 65, 30,0.775267700000001,3.674889,708,887,4041,0
probLOGISTICS-14-0,  success, 60, 27,0.5656103,2.7919989,636,664,2925,0
probLOGISTICS-14-1,  success, 73, 38,0.6060337,3.0536551,660,763,3541,0
probLOGISTICS-15-0,  success, 83, 42,0.88216,4.1869312,816,1048,4817,0
probLOGISTICS-15-1,  success, 71, 37,0.5913696,2.9978668,732,740,3362,0
probLOGISTICS-4-0,  success, 20, 13,0.0901566,0.3842777,38,71,250,0
probLOGISTICS-5-0,  success, 27, 15,0.095975,0.3941984,64,105,394,0
probLOGISTICS-6-0,  success, 25, 15,0.0956613,0.3933578,60,99,372,0
probLOGISTICS-7-0,  success, 36, 21,0.1366719,0.5684343,147,206,821,0
probLOGISTICS-8-0,  success, 34, 18,0.1470744,0.6153573,162,216,862,0
probLOGISTICS-8-1,  success, 48, 25,0.169344,0.6625962,189,296,1216,0
probLOGISTICS-9-0,  success, 41, 23,0.1489201,0.5980115,165,238,930,0
probLOGISTICS-9-1,  success, 31, 18,0.1261238,0.5250499,114,164,658,0
p10,  success, 36, 23,0.2563423,0.9900844,153,212,1376,0
p11,  success, 35, 30,0.3181484,1.1843045,156,242,1286,0
p12,  success, 21, 11,0.1940503,0.7450467,63,124,595,0
p13,  success, 50, 36,0.808003399999999,2.653611,219,397,2454,0
p14,  success, 30, 25,0.3721608,1.1905179,87,174,981,0
p15,  success, 44, 32,0.8155511,2.2545456,135,285,1810,0
p16,  success, 46, 34,0.8982458,2.3057881,168,289,1752,0
p17,  success, 54, 36,2.2706454,8.4659941,525,855,4460,0
p18,  success, 52, 24,1.979548,9.3428225,325,482,3626,0
p19,  success, 77, 51,5.4554988,26.3741799,580,922,6642,0
p21,  success, 73, 49,20.6799149,77.2964069,525,856,6179,0
p22,  success, 81, 51,47.9430798,184.9706268,910,1829,15105,0
p23,  success, 100, 53,173.4697177,590.4907588,3913,6360,47789,0
p24,  success, 141, 96,37.2715269,190.562852,1610,2340,16114,0
p25,  success, 36, 14,3.2412475,29.1513264,351,502,3528,0
p26,  success, 77, 44,7.2398133,48.3801473,1134,1554,8419,0
p27,  success, 108, 73,19.5939663,106.7359006,1575,2251,14230,0
p05-pfile5,  success, 15, 15,0.1189658,0.4979456,12,39,456,0
p06-pfile6,  success, 25, 16,0.1897634,0.6045686,22,102,1239,0
p07-pfile7,  success, 31, 25,0.2638646,0.7525123,21,114,1485,0
p08-pfile8,  success, 33, 33,0.5543349,1.2714688,30,153,2498,0
p09-pfile9,  success, 37, 27,0.4921748,1.5944206,56,169,2758,0
p10-pfile10,  success, 43, 30,0.6640952,2.2923416,80,259,4349,0
p11-pfile11,  success, 41, 26,1.0432629,4.0612796,88,297,6320,0
p12-pfile12,  success, 53, 37,2.6477584,9.8573779,164,416,11079,0
p13-pfile13,  success, 68, 33,5.5789441,25.2928984,304,684,21588,0
p14-pfile14,  success, 55, 55,5.768638,10.7855837,80,450,11767,0
p15-pfile15,  success, 53, 42,2.902491,13.1676639,203,441,11654,0
p16-pfile16,  success, 61, 61,6.67120599999999,17.8336245,171,606,15899,0
p18-pfile18,  success, 44, 44,3.4751969,7.1468612,52,284,7428,0
p19-pfile19,  success, 86, 48,9.6064561,23.6177708,140,836,22597,0
p20-pfile20,  success, 115, 100,38.804422,64.0601819,388,1716,48686,0
p21-HC-pfile1,  success, 77, 77,11.6273776,43.3788205,136,350,15422,0
p22-HC-pfile2,  success, 98, 64,32.7338181,146.8808875,308,743,40159,0
p01,  success, 32, 19,0.4661756,1.1724343,134,209,546,0
p01-1,  success, 20, 14,0.2565294,0.7560182,64,102,265,0
p02,  success, 159, 106,54.4351507000002,100.4698031,5505,8533,20808,0
p02-1,  success, 127, 94,396.863923600002,669.3143692,23973,36361,93536,0
p03,  success, 11, 8,0.1737619,0.7344516,24,43,98,0
p03-1,  success, 11, 8,0.1607211,0.7004849,21,37,75,0
p05-1,  success, 46, 30,7.0727911,20.6845256,1134,1237,3141,0
p06,  success, 34, 18,33.9545275999999,65.4572873,2004,2979,8172,0
p06-1,  success, 46, 22,79.8034340999999,221.5054285,10480,10000,25601,0
p07,  success, 107, 65,89.2138695999999,160.8064218,7987,12316,32341,0
p07-1,  success, 49, 32,5.3912548,15.7199441,1458,1285,3222,0
p08-1,  success, 110, 74,119.2194811,237.0847762,12870,13162,30909,0
p01,  success, 10, 6,0.0759426,0.3581061,57,76,55,0
p02,  success, 14, 8,0.1238484,0.5184689,400,451,281,0
p03,  success, 16, 10,0.0987943999999999,0.4680609,250,264,168,0
p04,  success, 14, 8,0.091462,0.4619337,180,202,150,0
p05,  success, 18, 10,0.1141733,0.5585104,354,376,256,0
p06,  success, 16, 10,0.1364227,0.6270138,474,524,370,0
p07,  success, 14, 8,0.1295752,0.5921925,384,426,289,0
p08,  success, 14, 9,0.1214399,0.6213328,240,258,274,0
p09,  success, 18, 10,0.1196913,0.6301691,276,300,315,0
p10,  success, 14, 9,0.1193108,0.6153682,252,272,289,0
p11,  success, 14, 9,0.1137507,0.5155721,210,234,243,0
p12,  success, 18, 11,0.1331649,0.6162915,348,371,327,0
p13,  success, 21, 11,0.1780866,0.7442639,606,675,576,0
p14,  success, 21, 10,0.1388574,0.7532541,448,457,450,0
p15,  success, 25, 12,0.1821731,0.985049,704,712,625,0
p16,  success, 25, 11,0.1807002,0.9859002,712,649,578,0
p17,  success, 28, 14,0.2162125,1.2134117,999,851,710,0
p18,  success, 32, 13,0.2504332,1.3894026,1287,952,842,0
p19,  success, 32, 12,0.3366771,1.8679365,1971,1364,1234,0
p20,  success, 30, 15,0.2749263,1.4660307,1431,1146,1086,0
p01,  success, 25, 21,0.1193966,0.6234604,285,246,217,0
p03,  success, 25, 21,0.1338284,0.6555066,285,246,223,0
p01,  success, 6, 3,0.0814534,0.4861229,102,87,164,0
p02,  success, 14, 6,0.1971268,1.1353903,276,213,721,0
p03,  success, 29, 15,12.4376014,41.5574934,9138,5718,23215,0
p04,  success, 48, 17,13.9850465,49.8993142,7248,4025,26597,0
p05,  success, 47, 20,36.2101328,115.0823078,7956,4592,35227,0
p07,  success, 65, 31,263.489126,650.437436,11316,7371,73359,0
p12,  success, 13, 6,0.20845,1.2368132,294,193,589,0
p13,  success, 26, 11,1.0948747,5.8874264,750,432,2476,0
p14,  success, 29, 15,2.6852435,12.5651421,936,585,8335,0
p15,  success, 40, 14,3.1266592,15.9877553,1032,598,6329,0
p16,  success, 52, 25,44.2893487,132.8780898,5058,3647,34564,0
pfile10,  success, 28, 28,0.2963499,0.9487398,32,93,682,0
pfile12,  success, 29, 29,0.5137352,1.2948417,28,106,787,0
pfile13,  success, 32, 32,0.5186175,1.3830294,36,102,734,0
pfile14,  success, 40, 40,2.7946195,7.9316662,76,188,2159,0
pfile15,  success, 52, 52,7.3353376,19.9653618,96,228,2467,0
pfile16,  success, 58, 58,13.4061129,33.2145734,104,267,4269,0
pfile17,  success, 71, 71,42.301237,88.3171194,152,434,8632,0
pfile18,  success, 79, 79,60.1970769,124.3586096,148,451,5899,0
pfile3,  success, 6, 6,0.0835834,0.3863236,4,12,73,0
pfile4,  success, 8, 8,0.0855521,0.4010206,4,16,75,0
pfile5,  success, 13, 13,0.1094978,0.4559224,8,26,138,0
pfile6,  success, 14, 14,0.1060502,0.4517904,8,24,171,0
pfile7,  success, 19, 19,0.1359619,0.5009656,8,39,158,0
pfile8,  success, 13, 13,0.1624648,0.6731991,12,41,322,0
pfile9,  success, 25, 25,0.263804,0.864752,28,83,660,0
