probBLOCKS-10-0,  success, 42, 32,9.9993589,2700,2188,6089,43380
probBLOCKS-10-1,  success, 68, 53,79.5807216,23028,14564,48723,410176
probBLOCKS-10-2,  success, 38, 32,20.4988491,6174,4503,15218,92684
probBLOCKS-11-0,  success, 38, 32,15.7194624,3594,2613,8151,60416
probBLOCKS-11-1,  success, 48, 37,45.7787343,10878,7246,26661,178744
probBLOCKS-11-2,  success, 60, 50,269.4118668,45996,35902,123287,854472
probBLOCKS-12-0,  success, 70, 59,1764.0663686,166512,124227,448037,3725100
probBLOCKS-12-1,  success, 34, 24,16.2940409,2319,1930,7507,42120
probBLOCKS-13-1,  success, 74, 56,565.8584008,63804,44288,168017,1160172
probBLOCKS-14-0,  success, 56, 44,208.6852111,24156,15902,60313,451236
probBLOCKS-14-1,  success, 74, 59,505.2443352,54759,35874,126484,925916
probBLOCKS-15-1,  success, 86, 68,1131.5291619,82458,56662,221790,1633360
probBLOCKS-9-0,  success, 38, 30,55.2449556,20823,14147,49205,350896
probBLOCKS-9-1,  success, 50, 38,75.1707541,28116,17871,61861,468900
probBLOCKS-9-2,  success, 32, 24,4.9209864,1827,1413,3861,29384
pfile1,  success, 10, 4,0.4001936,76,73,90,1400
pfile10,  success, 26, 10,2.9639857,693,518,1006,11080
pfile11,  success, 120, 47,206.0106962,24913,17966,33403,431352
pfile13,  success, 28, 9,3.7169806,658,490,927,11592
pfile14,  success, 51, 28,148.5039981,12873,11162,25250,201432
pfile16,  success, 30, 11,6.6574204,1085,786,2281,18216
pfile17,  success, 25, 15,14.3862597,700,569,2060,12144
pfile18,  success, 75, 26,182.2481962,5082,3498,13848,81232
pfile19,  success, 66, 34,153.0448911,16425,12136,40558,257120
pfile2,  success, 20, 8,0.8385194,528,467,663,9090
pfile3,  success, 37, 19,2.5730745,1456,1198,2011,24420
pfile4,  success, 45, 22,8.2597731,2672,2407,4096,44395
pfile7,  success, 49, 28,141.4591486,38668,36668,62826,641550
pfile8,  success, 49, 28,14.5600889,2176,1872,4331,37305
pfile1,  success, 6, 6,0.3582544,3,13,30,296
pfile10,  success, 16, 16,0.9014879,21,41,237,428
pfile11,  success, 20, 20,1.27921,28,57,342,664
pfile12,  success, 33, 33,732.0247778,13843,27708,153022,330998
pfile13,  success, 25, 23,3.6250831,40,69,522,920
pfile14,  success, 30, 30,222.8957892,6996,10523,49497,142122
pfile15,  success, 35, 35,22.297498,225,309,1372,3868
pfile17,  success, 84, 49,485.7047401,1620,1556,9980,27540
pfile2,  success, 16, 12,1.3045187,439,882,2749,9926
pfile3,  success, 11, 11,0.4166956,13,27,95,268
pfile4,  success, 13, 8,0.447953,38,43,149,594
pfile5,  success, 20, 20,29.8739756,10600,15913,47613,165210
pfile6,  success, 8, 4,0.5339428,24,37,114,570
pfile7,  success, 11, 11,0.5855992,28,43,135,450
pfile8,  success, 20, 16,162.7235889,24030,36049,112837,395859
pfile9,  success, 26, 26,5.6634003,494,991,4339,10822
p01,  success, 19, 9,0.8182497,72,124,578,3732
p02,  success, 28, 23,1.3274635,168,248,1187,6572
p03,  success, 23, 14,1.1703469,129,177,924,3892
p04,  success, 37, 18,1.93491,240,316,1686,8264
p05,  success, 32, 20,1.9736571,177,263,1397,6648
p06,  success, 42, 31,2.9395596,258,397,2118,13020
p07,  success, 57, 29,4.3852473,444,543,3083,13600
p08,  success, 49, 25,4.2481133,384,459,2719,10908
p09,  success, 48, 27,4.70603,366,493,2790,12264
p10,  success, 74, 34,7.5030806,696,747,5004,19500
p11,  success, 39, 28,7.1624452,258,444,3012,13580
p12,  success, 57, 29,9.9642722,324,522,3779,16168
p13,  success, 62, 32,15.2167465,372,543,4250,15288
p14,  success, 84, 54,31.8489696,633,911,6838,24328
p15,  success, 103, 47,39.5309079,750,1077,8244,31784
p16,  success, 91, 45,43.3366979,744,1007,7934,23184
p17,  success, 97, 54,72.1531806,936,1331,10272,35916
p18,  success, 122, 69,112.3321147,1479,1771,15258,49060
p19,  success, 144, 83,150.4845756,1839,2276,20017,63996
p20,  success, 106, 80,98.935437,852,1215,10535,33872
probLOGISTICS-10-0,  success, 46, 21,1.1173888,284,320,1360,12800
probLOGISTICS-10-1,  success, 42, 20,0.9018616,276,256,1038,7805
probLOGISTICS-11-0,  success, 49, 25,0.9182828,272,286,1238,9935
probLOGISTICS-11-1,  success, 63, 55,4.5259167,1348,522,6677,23780
probLOGISTICS-12-0,  success, 42, 21,0.9309292,288,250,1057,9415
probLOGISTICS-12-1,  success, 72, 57,5.9628646,1640,692,9303,31510
probLOGISTICS-13-0,  success, 76, 34,3.8944233,870,825,3601,36246
probLOGISTICS-13-1,  success, 66, 28,3.1763435,630,622,2758,30618
probLOGISTICS-14-0,  success, 60, 27,2.4826176,768,518,2291,20041
probLOGISTICS-14-1,  success, 75, 24,2.7219234,702,615,2866,25319
probLOGISTICS-15-0,  success, 80, 41,3.6697243,840,805,3724,37765
probLOGISTICS-15-1,  success, 69, 37,2.7744945,750,617,2884,27923
probLOGISTICS-4-0,  success, 20, 13,0.4011105,48,74,256,1641
probLOGISTICS-5-0,  success, 27, 16,0.409114,70,102,371,2232
probLOGISTICS-6-0,  success, 25, 16,0.4007798,62,93,345,2208
probLOGISTICS-7-0,  success, 39, 22,0.6012398,165,211,837,6924
probLOGISTICS-8-0,  success, 32, 18,0.5696226,153,157,607,4720
probLOGISTICS-8-1,  success, 46, 27,0.6169022,189,235,969,6920
probLOGISTICS-9-0,  success, 36, 19,0.5803457,156,182,728,5724
probLOGISTICS-9-1,  success, 31, 16,0.5389834,120,140,567,3740
p10,  success, 36, 23,1.0711623,195,246,1583,5892
p11,  success, 37, 32,1.1497549,126,210,1049,5328
p12,  success, 21, 17,0.7485088,57,108,608,3208
p13,  success, 48, 30,2.192023,204,312,1556,8968
p14,  success, 31, 28,1.4347301,81,234,1254,7752
p15,  success, 41, 35,2.853452,195,368,2159,10488
p16,  success, 49, 34,2.7072989,204,349,1923,10832
p17,  success, 51, 42,5.4664667,355,502,2830,17784
p18,  success, 45, 33,9.6568572,425,481,3586,19086
p19,  success, 71, 45,19.0978205,395,635,4386,29058
p20,  success, 92, 61,49.2013599,1134,1332,9206,59264
p21,  success, 65, 47,51.7237352,430,549,4187,23874
p22,  success, 77, 43,93.0667732,710,888,6325,39738
p23,  success, 84, 46,137.3442619,1148,1425,11091,72352
p24,  success, 121, 65,176.0681055,1708,2160,14826,113936
p25,  success, 31, 20,26.5604308,477,461,3280,13910
p26,  success, 58, 23,31.2877264,873,890,5627,41420
p27,  success, 89, 43,132.5838016,2457,2849,19357,155370
p28,  success, 71, 29,121.4084988,1044,1104,9480,51640
p29,  success, 58, 32,126.2075143,1035,1042,9152,39290
p05-pfile5,  success, 18, 10,0.6368408,18,106,1209,2754
p06-pfile6,  success, 20, 11,0.6481401,22,119,1419,2811
p07-pfile7,  success, 21, 14,0.8024798,27,117,1546,3552
p08-pfile8,  success, 29, 11,1.8933726,54,301,4837,10288
p09-pfile9,  success, 31, 13,2.2177241,72,253,4067,10215
p10-pfile10,  success, 35, 14,2.1776175,84,253,3862,10105
p11-pfile11,  success, 30, 20,3.0911347,64,198,4122,7750
p12-pfile12,  success, 43, 22,8.1943101,104,376,9849,13555
p13-pfile13,  success, 59, 26,13.9516969,148,398,12471,13355
p14-pfile14,  success, 41, 19,13.5638783,155,643,16685,30282
p15-pfile15,  success, 46, 31,13.602304,168,522,13812,31648
p16-pfile16,  success, 46, 21,31.6353049,495,1341,34982,90710
p18-pfile18,  success, 36, 15,9.7734283,92,463,12148,19000
p19-pfile19,  success, 65, 23,20.6366045,260,664,18537,24385
p20-pfile20,  success, 94, 44,52.5391579,464,1541,44121,63220
p21-HC-pfile1,  success, 72, 72,40.8294001,136,531,23424,18735
p22-HC-pfile2,  success, 97, 34,95.8938761,264,793,42949,27315
p23-HC-pfile3,  success, 101, 66,149.7933029,336,1066,58046,48496
p24-HC-pfile4,  success, 139, 90,618.3928517,792,2045,151180,93051
p25-HC-pfile5,  success, 123, 123,610.8319594,560,1649,122358,83944
p01,  success, 32, 19,1.2192184,134,235,610,3944
p01-1,  success, 24, 16,1.4035637,172,309,808,4870
p02,  success, 153, 105,105.9891806,5788,9347,22759,249508
p02-1,  success, 141, 101,600.0094505,23110,37307,95619,1120308
p03,  success, 11, 8,0.8021446,32,61,152,786
p03-1,  success, 11, 8,0.6545584,19,33,63,454
p04,  success, 96, 61,871.4596458,35890,45384,120791,840150
p05,  success, 59, 40,578.5221866,24628,31564,74492,583431
p05-1,  success, 42, 24,21.4136102,1102,1443,3678,23406
p06,  success, 36, 20,42.956553,1341,2049,5620,46258
p06-1,  success, 24, 13,521.0654687,21494,24388,62415,552219
p07,  success, 87, 63,163.8550849,7920,13297,34446,302916
p07-1,  success, 45, 32,11.0062631,864,973,2441,21597
p08-1,  success, 112, 75,241.248656,12638,14414,33692,454491
p01,  success, 10, 6,0.3854436,66,84,61,1028
p02,  success, 14, 8,0.4697096,220,240,165,3072
p03,  success, 16, 10,0.5319284,405,438,295,5454
p04,  success, 14, 8,0.4854271,235,258,210,3120
p05,  success, 18, 10,0.5545688,372,399,279,4795
p06,  success, 16, 10,0.5482114,342,330,237,4312
p07,  success, 14, 8,0.5009314,234,250,168,2996
p08,  success, 14, 9,0.5859748,210,239,255,2877
p09,  success, 18, 10,0.5854539,228,253,274,3080
p10,  success, 14, 9,0.579466,210,246,262,2856
p11,  success, 14, 9,0.4842863,175,211,220,2382
p12,  success, 21, 11,0.6012132,354,393,344,4781
p13,  success, 21, 11,0.5788075,330,344,303,4515
p14,  success, 22, 10,0.7170907,420,402,408,5600
p15,  success, 26, 12,0.8229634,592,552,496,7776
p16,  success, 26, 14,0.8862059,616,633,555,8019
p17,  success, 31, 17,1.2871115,1314,1134,1030,15830
p18,  success, 31, 13,1.4183214,1458,1257,1162,17730
p19,  success, 32, 13,1.4503565,1440,1196,1043,17800
p20,  success, 34, 16,1.2980877,1449,1126,1069,17080
p01,  success, 25, 21,0.6013796,250,180,163,4830
p03,  success, 25, 21,0.6390372,250,180,170,4830
p01,  success, 6, 4,0.5853057,90,62,116,1372
p02,  success, 15, 7,1.0589169,318,161,429,3535
p03,  success, 29, 15,10.3296287,1746,1360,5515,16996
p04,  success, 44, 15,9.6506055,1164,616,5198,14000
p05,  success, 45, 19,24.3722136,1608,1088,10107,16772
p06,  success, 49, 18,39.8873647,1728,1270,21482,18837
p07,  success, 66, 30,83.6603505,2064,1431,27543,22169
p08,  success, 72, 30,179.942348,3078,2383,64748,34552
p09,  success, 89, 35,324.0366424,4428,2670,75234,47740
p10,  success, 97, 39,365.6458328,4854,2883,68433,51282
p11,  success, 5, 4,0.4857359,60,49,72,973
p12,  success, 13, 6,1.1498252,324,175,528,3808
p13,  success, 28, 13,5.0163381,690,450,2172,8099
p14,  success, 29, 13,9.1892188,780,434,5780,8141
p15,  success, 43, 16,25.4549394,1722,1263,12342,18508
p16,  success, 50, 20,54.8144401,2538,1648,17533,26663
p17,  success, 56, 25,63.3500831,2352,1267,32226,26712
p18,  success, 72, 22,147.7001502,3168,2208,62842,35252
p19,  success, 71, 25,132.2245036,2472,1620,44880,26971
pfile10,  success, 22, 17,0.9542088,56,71,699,1197
pfile12,  success, 23, 10,1.2394633,50,103,966,2376
pfile13,  success, 29, 26,1.4078836,60,110,923,2490
pfile14,  success, 30, 14,7.9053636,120,216,3309,6120
pfile15,  success, 45, 40,32.6320873,348,537,4127,17055
pfile16,  success, 43, 12,27.7889708,196,287,6386,9330
pfile17,  success, 64, 39,113.6811237,460,756,12164,23975
pfile18,  success, 69, 31,209.2594652,496,1031,10416,39680
pfile19,  success, 86, 44,429.4821826,908,1331,13394,38630
pfile20,  success, 99, 48,1144.9944472,1512,2791,35849,103540
pfile21,  success, 113, 46,1018.7532665,1628,2091,22767,64010
pfile3,  success, 6, 6,0.4129694,5,15,93,206
pfile4,  success, 8, 8,0.4491073,9,29,122,476
pfile5,  success, 13, 13,0.4956192,10,37,168,600
pfile6,  success, 14, 14,0.5253233,13,45,302,720
pfile7,  success, 16, 13,0.5105362,17,39,166,708
pfile8,  success, 12, 7,0.7077607,30,49,307,1164
pfile9,  success, 23, 9,0.9369986,58,109,687,2487
